Test Acc: 0.33, 0.67, 0.66, Test F1: 0.16
[[1491    0    0]
 [1469    0    0]
 [1557    0    0]]
Test Acc: 0.34, 0.67, 0.34, Test F1: 0.18
[[   0    0 1491]
 [   0    0 1469]
 [   0    0 1557]]
Test Acc: 0.47, 0.67, 0.48, Test F1: 0.37
[[ 563    0  928]
 [  50    0 1419]
 [   0    0 1557]]
Test Acc: 0.34, 0.67, 0.34, Test F1: 0.18
[[   0    0 1491]
 [   0    0 1469]
 [   0    0 1557]]
Test Acc: 0.42, 0.67, 0.43, Test F1: 0.31
[[ 337    0 1154]
 [  41    0 1428]
 [   0    0 1557]]
Test Acc: 0.34, 0.67, 0.34, Test F1: 0.18
[[   0    0 1491]
 [   0    0 1469]
 [   0    0 1557]]
Test Acc: 0.96, 0.98, 0.98, Test F1: 0.96
[[1426    0   65]
 [  97 1372    0]
 [   4    0 1553]]
Test Acc: 0.33, 0.67, 0.66, Test F1: 0.16
[[1491    0    0]
 [1469    0    0]
 [1557    0    0]]
Test Acc: 0.64, 0.67, 0.91, Test F1: 0.52
[[1330    0  161]
 [1251    0  218]
 [   5    0 1552]]
Test Acc: 0.35, 0.68, 0.35, Test F1: 0.18
[[   0    0 1491]
 [   0    2 1467]
 [   0    0 1557]]
Test Acc: 0.90, 0.94, 0.95, Test F1: 0.90
[[1311    0  180]
 [ 210 1201   58]
 [   2    0 1555]]
Test Acc: 0.33, 0.67, 0.66, Test F1: 0.16
[[1491    0    0]
 [1469    0    0]
 [1557    0    0]]
Test Acc: 0.33, 0.67, 0.66, Test F1: 0.16
[[1491    0    0]
 [1469    0    0]
 [1557    0    0]]
Test Acc: 0.58, 0.67, 0.58, Test F1: 0.49
[[1105    0  386]
 [   0    0 1469]
 [  54    0 1503]]
Test Acc: 0.34, 0.67, 0.34, Test F1: 0.18
[[   0    0 1491]
 [   0    0 1469]
 [   0    0 1557]]
Test Acc: 0.65, 0.97, 0.65, Test F1: 0.53
[[   0   18 1473]
 [   0 1469    0]
 [   0  108 1449]]
Test Acc: 0.50, 0.80, 0.52, Test F1: 0.39
[[   0  114 1377]
 [   0 1469    0]
 [   0  777  780]]
Test Acc: 0.34, 0.67, 0.34, Test F1: 0.18
[[   0    0 1491]
 [   0    0 1469]
 [   0    0 1557]]
Test Acc: 0.34, 0.67, 0.34, Test F1: 0.18
[[   1    0 1490]
 [   0    0 1469]
 [   1    0 1556]]
Test Acc: 0.53, 0.67, 0.80, Test F1: 0.42
[[ 841    1  649]
 [1224    0  245]
 [   1    1 1555]]
Test Acc: 0.72, 0.74, 0.96, Test F1: 0.67
[[1456    4   31]
 [1039  279  151]
 [  17    1 1539]]
Test Acc: 0.34, 0.68, 0.64, Test F1: 0.20
[[1490    1    0]
 [1350   40   79]
 [1528    1   28]]
Test Acc: 0.44, 0.71, 0.71, Test F1: 0.40
[[1337  153    1]
 [1071  301   97]
 [1190    1  366]]
Test Acc: 0.44, 0.67, 0.76, Test F1: 0.35
[[1471    1   19]
 [1420    1   48]
 [1029    0  528]]
Test Acc: 0.38, 0.67, 0.70, Test F1: 0.27
[[1482    0    9]
 [1450    0   19]
 [1305    0  252]]
Test Acc: 0.33, 0.67, 0.66, Test F1: 0.16
[[1491    0    0]
 [1469    0    0]
 [1557    0    0]]
Test Acc: 0.47, 0.67, 0.48, Test F1: 0.37
[[ 563    0  928]
 [  50    0 1419]
 [   0    0 1557]]
Test Acc: 0.64, 0.67, 0.91, Test F1: 0.52
[[1330    0  161]
 [1251    0  218]
 [   5    0 1552]]
Test Acc: 0.61, 0.67, 0.94, Test F1: 0.52
[[1490    0    1]
 [1466    0    3]
 [ 287    0 1270]]
Test Acc: 0.34, 0.67, 0.34, Test F1: 0.18
[[   0    0 1491]
 [   0    0 1469]
 [   0    0 1557]]
Test Acc: 0.63, 0.67, 0.96, Test F1: 0.53
[[1484    0    7]
 [1469    0    0]
 [ 178    0 1379]]
Test Acc: 0.39, 0.67, 0.72, Test F1: 0.28
[[1491    0    0]
 [1469    0    0]
 [1282    0  275]]
Test Acc: 0.33, 0.67, 0.66, Test F1: 0.16
[[1491    0    0]
 [1469    0    0]
 [1557    0    0]]
Test Acc: 0.33, 0.67, 0.66, Test F1: 0.16
[[1491    0    0]
 [1469    0    0]
 [1557    0    0]]
Test Acc: 0.33, 0.67, 0.66, Test F1: 0.16
[[1491    0    0]
 [1469    0    0]
 [1557    0    0]]
Test Acc: 0.34, 0.67, 0.34, Test F1: 0.18
[[   0    0 1491]
 [   0    0 1469]
 [   0    0 1557]]
Test Acc: 0.35, 0.68, 0.35, Test F1: 0.18
[[   0    0 1491]
 [   0    2 1467]
 [   0    0 1557]]
Test Acc: 0.85, 0.93, 0.92, Test F1: 0.84
[[ 943  299  249]
 [  17 1452    0]
 [ 101    0 1456]]
Test Acc: 0.34, 0.67, 0.34, Test F1: 0.18
[[   0    0 1491]
 [   0    0 1469]
 [   0    0 1557]]
Test Acc: 0.85, 0.92, 0.93, Test F1: 0.84
[[ 971  326  194]
 [  28 1441    0]
 [ 143    0 1414]]
Test Acc: 0.74, 0.92, 0.82, Test F1: 0.74
[[1213  216   62]
 [ 167 1302    0]
 [ 738    0  819]]
Test Acc: 0.72, 0.90, 0.81, Test F1: 0.72
[[1083  315   93]
 [ 119 1350    0]
 [ 746    0  811]]
Test Acc: 0.77, 0.89, 0.88, Test F1: 0.73
[[ 528  491  472]
 [   0 1469    0]
 [  71   19 1467]]
Test Acc: 0.42, 0.67, 0.43, Test F1: 0.31
[[ 337    0 1154]
 [  41    0 1428]
 [   0    0 1557]]
Test Acc: 0.65, 0.67, 0.86, Test F1: 0.52
[[1409    0   82]
 [ 950    0  519]
 [  45    0 1512]]
Test Acc: 0.42, 0.67, 0.43, Test F1: 0.31
[[ 349    0 1142]
 [  37    0 1432]
 [   0    0 1557]]
Test Acc: 0.59, 0.67, 0.91, Test F1: 0.50
[[1389    0  102]
 [1432    0   37]
 [ 266    0 1291]]
Test Acc: 0.46, 0.46, 0.79, Test F1: 0.37
[[   3 1468   20]
 [   0 1469    0]
 [   2  949  606]]
Test Acc: 0.41, 0.62, 0.66, Test F1: 0.30
[[ 433 1058    0]
 [  29 1440    0]
 [ 943  614    0]]
Test Acc: 0.34, 0.67, 0.34, Test F1: 0.18
[[   0    0 1491]
 [   0    0 1469]
 [   0    0 1557]]
Test Acc: 0.34, 0.67, 0.34, Test F1: 0.18
[[   0    0 1491]
 [   0    0 1469]
 [   0    0 1557]]
Test Acc: 0.34, 0.67, 0.34, Test F1: 0.18
[[   0    0 1491]
 [   0    0 1469]
 [   0    0 1557]]
Test Acc: 0.34, 0.67, 0.34, Test F1: 0.18
[[   0    0 1491]
 [   0    0 1469]
 [   0    0 1557]]
Test Acc: 0.34, 0.67, 0.34, Test F1: 0.18
[[   0    0 1491]
 [   0    0 1469]
 [   0    0 1557]]
Test Acc: 0.34, 0.67, 0.34, Test F1: 0.18
[[   0    0 1491]
 [   0    0 1469]
 [   0    0 1557]]
Test Acc: 0.34, 0.67, 0.34, Test F1: 0.18
[[   0    0 1491]
 [   0    0 1469]
 [   0    0 1557]]
Test Acc: 0.96, 0.98, 0.98, Test F1: 0.96
[[1426    0   65]
 [  97 1372    0]
 [   4    0 1553]]
Test Acc: 0.90, 0.94, 0.95, Test F1: 0.90
[[1311    0  180]
 [ 210 1201   58]
 [   2    0 1555]]
Test Acc: 0.98, 0.99, 1.00, Test F1: 0.98
[[1491    0    0]
 [  56 1413    0]
 [  13    0 1544]]
Test Acc: 0.96, 1.00, 0.96, Test F1: 0.96
[[1491    0    0]
 [  21 1448    0]
 [ 166    0 1391]]
Test Acc: 0.88, 0.99, 0.89, Test F1: 0.88
[[1491    0    0]
 [  41 1428    0]
 [ 495    9 1053]]
Test Acc: 0.34, 0.67, 0.34, Test F1: 0.18
[[   0    0 1491]
 [   0    0 1469]
 [   0    0 1557]]
Test Acc: 0.96, 0.99, 0.97, Test F1: 0.96
[[1491    0    0]
 [  52 1403   14]
 [ 132    0 1425]]
Test Acc: 0.39, 0.68, 0.68, Test F1: 0.31
[[ 218 1273    0]
 [  20 1449    0]
 [1310  132  115]]
Test Acc: 0.74, 0.87, 0.87, Test F1: 0.75
[[ 963  419  109]
 [ 167 1279   23]
 [ 437    0 1120]]
Test Acc: 0.59, 0.77, 0.82, Test F1: 0.57
[[ 411  941  139]
 [  94 1351   24]
 [ 667    0  890]]
Test Acc: 0.57, 0.74, 0.82, Test F1: 0.54
[[ 273 1041  177]
 [  69 1382   18]
 [ 590   43  924]]
Test Acc: 0.83, 1.00, 0.83, Test F1: 0.82
[[1491    0    0]
 [   3 1466    0]
 [ 769    0  788]]
Test Acc: 0.57, 0.92, 0.66, Test F1: 0.48
[[1491    0    0]
 [ 379 1090    0]
 [1557    0    0]]
Test Acc: 0.69, 0.99, 0.70, Test F1: 0.62
[[1491    0    0]
 [  26 1443    0]
 [1377    0  180]]
Test Acc: 0.42, 0.76, 0.66, Test F1: 0.32
[[1491    0    0]
 [1067  402    0]
 [1557    0    0]]
Test Acc: 0.33, 0.68, 0.66, Test F1: 0.17
[[1491    0    0]
 [1453   16    0]
 [1557    0    0]]
