Test Acc: 1.00, 1.00, 1.00, Test F1: 1.00
[[371   0   0]
 [  1 364   0]
 [  0   0 387]]
Test Acc: 0.99, 1.00, 1.00, Test F1: 0.99
[[367   4   0]
 [  1 364   0]
 [  1   0 386]]
Test Acc: 0.99, 0.99, 1.00, Test F1: 0.99
[[362   9   0]
 [  2 363   0]
 [  3   0 384]]
Test Acc: 0.99, 1.00, 1.00, Test F1: 0.99
[[365   2   4]
 [  0 365   0]
 [  0   1 386]]
Test Acc: 0.99, 0.99, 1.00, Test F1: 0.99
[[364   4   3]
 [  4 361   0]
 [  1   0 386]]
Test Acc: 0.99, 0.99, 1.00, Test F1: 0.99
[[364   7   0]
 [  3 362   0]
 [  0   0 387]]
Test Acc: 0.98, 0.99, 0.99, Test F1: 0.98
[[359   8   4]
 [  2 363   0]
 [  4   0 383]]
Test Acc: 0.95, 0.95, 0.98, Test F1: 0.95
[[343  28   0]
 [  9 356   0]
 [  2  21 364]]
Test Acc: 0.98, 0.98, 1.00, Test F1: 0.98
[[367   1   3]
 [ 21 344   0]
 [  0   0 387]]
Test Acc: 0.98, 0.99, 0.99, Test F1: 0.98
[[354  10   7]
 [  4 360   1]
 [  3   1 383]]
Test Acc: 0.98, 0.98, 0.98, Test F1: 0.98
[[367   4   0]
 [  2 359   4]
 [  0  17 370]]
Test Acc: 0.88, 0.95, 0.91, Test F1: 0.88
[[300  23  48]
 [  3 337  25]
 [ 29   2 356]]
Test Acc: 0.98, 0.98, 0.99, Test F1: 0.98
[[369   2   0]
 [  2 356   7]
 [  0   9 378]]
Test Acc: 0.97, 0.99, 0.99, Test F1: 0.97
[[363   8   0]
 [  8 357   0]
 [ 14   0 373]]
Test Acc: 0.97, 0.97, 1.00, Test F1: 0.97
[[354  17   0]
 [  9 353   3]
 [  0   0 387]]
Test Acc: 0.93, 0.93, 1.00, Test F1: 0.93
[[297  69   5]
 [  6 359   0]
 [  0   0 387]]
Test Acc: 0.96, 0.97, 0.98, Test F1: 0.96
[[343  18  10]
 [  9 354   2]
 [  1  10 376]]
Test Acc: 0.92, 0.93, 0.99, Test F1: 0.92
[[299  66   6]
 [  5 360   0]
 [  8   2 377]]
Test Acc: 0.95, 0.96, 0.99, Test F1: 0.95
[[347  20   4]
 [ 19 344   2]
 [  6   3 378]]
Test Acc: 0.95, 0.95, 0.98, Test F1: 0.95
[[344  27   0]
 [ 12 344   9]
 [  1  10 376]]
Test Acc: 0.96, 0.97, 0.96, Test F1: 0.96
[[363   0   8]
 [  0 347  18]
 [  1  14 372]]
Test Acc: 0.85, 0.88, 0.93, Test F1: 0.85
[[286  85   0]
 [  1 364   0]
 [ 35  47 305]]
Test Acc: 0.92, 0.94, 0.94, Test F1: 0.92
[[367   4   0]
 [ 17 348   0]
 [ 23  46 318]]
Test Acc: 0.96, 0.96, 0.98, Test F1: 0.96
[[361  10   0]
 [ 11 347   7]
 [  0  12 375]]
Test Acc: 0.97, 0.98, 0.99, Test F1: 0.97
[[357  14   0]
 [ 12 353   0]
 [  7   2 378]]
Test Acc: 0.95, 0.97, 0.98, Test F1: 0.95
[[324  27  20]
 [  7 356   2]
 [  3   2 382]]
Test Acc: 0.95, 0.97, 0.98, Test F1: 0.95
[[342  23   6]
 [ 10 351   4]
 [  7   1 379]]
Test Acc: 0.94, 0.96, 0.96, Test F1: 0.94
[[353  17   1]
 [  9 343  13]
 [ 24   6 357]]
Test Acc: 0.94, 0.97, 0.98, Test F1: 0.94
[[335  30   6]
 [  5 360   0]
 [ 21   0 366]]
Test Acc: 0.91, 0.94, 0.92, Test F1: 0.91
[[346   7  18]
 [  4 332  29]
 [ 13  32 342]]
Test Acc: 0.91, 0.93, 0.94, Test F1: 0.91
[[345  12  14]
 [ 19 317  29]
 [  7  16 364]]
Test Acc: 0.95, 0.96, 0.98, Test F1: 0.95
[[338  26   7]
 [ 14 345   6]
 [  5   3 379]]
Test Acc: 0.93, 0.94, 0.98, Test F1: 0.93
[[347  24   0]
 [ 25 335   5]
 [  7  13 367]]
Test Acc: 0.77, 0.88, 0.78, Test F1: 0.76
[[337  13  21]
 [  5 331  29]
 [106  86 195]]
Test Acc: 0.88, 0.90, 0.95, Test F1: 0.88
[[336  32   3]
 [ 43 322   0]
 [ 23  34 330]]

 
Test Acc: 0.23, 0.55, 0.42, Test F1: 0.22
[[ 98 116 137  15]
 [ 19  27  97  14]
 [ 97  66 117   8]
 [ 98  82  52   4]]
Test Acc: 0.23, 0.55, 0.42, Test F1: 0.22
[[ 98 116 137  15]
 [ 19  27  97  14]
 [ 97  66 117   8]
 [ 98  82  52   4]]
Test Acc: 0.26, 0.53, 0.46, Test F1: 0.25
[[117  24  24  46]
 [ 83  37  20  68]
 [131  63  36  61]
 [162  53  39  88]]
Test Acc: 0.27, 0.50, 0.50, Test F1: 0.26
[[ 93  58  21  39]
 [ 72  55  27  54]
 [ 92  78  41  80]
 [140  75  31  96]]
Test Acc: 0.82, 0.88, 0.88, Test F1: 0.82
[[245  14   1   1]
 [ 29 255   2   3]
 [ 30  26 229   4]
 [ 37  31  10 132]]


Test Acc: 0.95, 1.00, 0.95, Test F1: 0.95
[[1274    0  217]
 [   0 1469    0]
 [   1    0 1556]]
Test Acc: 0.34, 0.67, 0.34, Test F1: 0.18
[[   0    0 1491]
 [   0    0 1469]
 [   0    0 1557]]
Test Acc: 0.33, 0.67, 0.66, Test F1: 0.16
[[1491    0    0]
 [1469    0    0]
 [1557    0    0]]
Test Acc: 0.33, 0.33, 0.66, Test F1: 0.16
[[   0 1491    0]
 [   0 1469    0]
 [   0 1557    0]]
Test Acc: 0.34, 0.67, 0.34, Test F1: 0.18
[[   0    0 1491]
 [   0    0 1469]
 [   0    0 1557]]
Test Acc: 0.34, 0.67, 0.34, Test F1: 0.18
[[   0    0 1491]
 [   0    0 1469]
 [   0    0 1557]]
Test Acc: 0.34, 0.67, 0.34, Test F1: 0.18
[[   0    0 1491]
 [   0    0 1469]
 [   0    0 1557]]
Test Acc: 0.34, 0.67, 0.34, Test F1: 0.18
[[   0    0 1491]
 [   0    0 1469]
 [   0    0 1557]]
Test Acc: 0.34, 0.67, 0.34, Test F1: 0.18
[[   0    0 1491]
 [   0    0 1469]
 [   0    0 1557]]
Test Acc: 0.61, 0.67, 0.64, Test F1: 0.51
[[1220    0  271]
 [ 131    0 1338]
 [   1    0 1556]]
Test Acc: 0.56, 0.67, 0.57, Test F1: 0.47
[[ 988    0  503]
 [  52    0 1417]
 [   0    0 1557]]
Test Acc: 0.34, 0.67, 0.34, Test F1: 0.18
[[   0    0 1491]
 [   0    0 1469]
 [   0    0 1557]]
Test Acc: 0.34, 0.67, 0.34, Test F1: 0.18
[[   0    0 1491]
 [   0    0 1469]
 [   0    0 1557]]
Test Acc: 0.34, 0.67, 0.34, Test F1: 0.18
[[   0    0 1491]
 [   0    0 1469]
 [   0    0 1557]]
Test Acc: 0.34, 0.67, 0.34, Test F1: 0.18
[[   0    0 1491]
 [   0    0 1469]
 [   0    0 1557]]
Test Acc: 0.34, 0.67, 0.34, Test F1: 0.18
[[   0    0 1491]
 [   0    0 1469]
 [   0    0 1557]]
Test Acc: 0.33, 0.67, 0.66, Test F1: 0.16
[[1491    0    0]
 [1469    0    0]
 [1557    0    0]]
Test Acc: 0.34, 0.67, 0.34, Test F1: 0.18
[[   0    0 1491]
 [   0    0 1469]
 [   0    0 1557]]
Test Acc: 0.34, 0.67, 0.34, Test F1: 0.18
[[   0    0 1491]
 [   0    0 1469]
 [   0    0 1557]]
Test Acc: 0.42, 0.67, 0.43, Test F1: 0.31
[[ 349    0 1142]
 [  37    0 1432]
 [   0    0 1557]]
Test Acc: 0.34, 0.67, 0.34, Test F1: 0.18
[[   0    0 1491]
 [   0    0 1469]
 [   0    0 1557]]
Test Acc: 0.34, 0.67, 0.34, Test F1: 0.18
[[   0    0 1491]
 [   0    0 1469]
 [   0    0 1557]]
Test Acc: 0.83, 1.00, 0.83, Test F1: 0.82
[[1491    0    0]
 [   3 1466    0]
 [ 769    0  788]]
