Test Acc: 0.34, 0.67, 0.34, Test F1: 0.18
[[   0    0 1491]
 [   0    0 1469]
 [   0    0 1557]]
Test Acc: 0.34, 0.67, 0.34, Test F1: 0.18
[[   0    0 1491]
 [   0    0 1469]
 [   0    0 1557]]
Test Acc: 0.34, 0.67, 0.34, Test F1: 0.18
[[   0    0 1491]
 [   0    0 1469]
 [   0    0 1557]]
Test Acc: 0.34, 0.67, 0.34, Test F1: 0.18
[[   0    0 1491]
 [   0    0 1469]
 [   0    0 1557]]
Test Acc: 0.34, 0.67, 0.34, Test F1: 0.18
[[   0    0 1491]
 [   0    0 1469]
 [   0    0 1557]]
Test Acc: 0.34, 0.67, 0.34, Test F1: 0.18
[[   0    0 1491]
 [   0    0 1469]
 [   0    0 1557]]
Test Acc: 0.34, 0.67, 0.34, Test F1: 0.18
[[   0    0 1491]
 [   0    0 1469]
 [   0    0 1557]]
Test Acc: 0.34, 0.67, 0.34, Test F1: 0.18
[[   0    0 1491]
 [   0    0 1469]
 [   0    0 1557]]
Test Acc: 0.34, 0.67, 0.34, Test F1: 0.18
[[   0    0 1491]
 [   0    0 1469]
 [   0    0 1557]]
Test Acc: 0.34, 0.67, 0.34, Test F1: 0.18
[[   0    0 1491]
 [   0    0 1469]
 [   0    0 1557]]
Test Acc: 0.34, 0.67, 0.34, Test F1: 0.18
[[   0    0 1491]
 [   0    0 1469]
 [   0    0 1557]]
Test Acc: 0.34, 0.67, 0.34, Test F1: 0.18
[[   0    0 1491]
 [   0    0 1469]
 [   0    0 1557]]
Test Acc: 0.33, 0.33, 0.66, Test F1: 0.16
[[   0 1491    0]
 [   0 1469    0]
 [   0 1557    0]]
Test Acc: 0.33, 0.33, 0.66, Test F1: 0.16
[[   0 1491    0]
 [   0 1469    0]
 [   0 1557    0]]
Test Acc: 0.33, 0.33, 0.66, Test F1: 0.16
[[   0 1491    0]
 [   0 1469    0]
 [   0 1557    0]]
Test Acc: 0.33, 0.33, 0.66, Test F1: 0.16
[[   0 1491    0]
 [   0 1469    0]
 [   0 1557    0]]
Test Acc: 0.33, 0.33, 0.66, Test F1: 0.16
[[   0 1491    0]
 [   0 1469    0]
 [   0 1557    0]]
Test Acc: 0.33, 0.33, 0.66, Test F1: 0.16
[[   0 1491    0]
 [   0 1469    0]
 [   0 1557    0]]
Test Acc: 0.33, 0.33, 0.66, Test F1: 0.16
[[   0 1491    0]
 [   0 1469    0]
 [   0 1557    0]]
Test Acc: 0.33, 0.33, 0.66, Test F1: 0.16
[[   0 1491    0]
 [   0 1469    0]
 [   0 1557    0]]
Test Acc: 0.33, 0.33, 0.66, Test F1: 0.16
Test Acc: 0.33, 0.33, 0.66, Test F1: 0.16
[[   0 1491    0]
 [   0 1469    0]
 [   0 1557    0]]
[[   0 1491    0]
 [   0 1469    0]
 [   0 1557    0]]
Test Acc: 0.34, 0.67, 0.34, Test F1: 0.18
[[   0    0 1491]
 [   0    0 1469]
 [   0    0 1557]]
Test Acc: 0.34, 0.67, 0.34, Test F1: 0.18
[[   0    0 1491]
 [   0    0 1469]
 [   0    0 1557]]
Test Acc: 0.34, 0.67, 0.34, Test F1: 0.18
[[   0    0 1491]
 [   0    0 1469]
 [   0    0 1557]]
Test Acc: 0.34, 0.67, 0.34, Test F1: 0.18
[[   0    0 1491]
 [   0    0 1469]
 [   0    0 1557]]
Test Acc: 0.34, 0.67, 0.34, Test F1: 0.18
[[   0    0 1491]
 [   0    0 1469]
 [   0    0 1557]]
Test Acc: 0.34, 0.67, 0.34, Test F1: 0.18
[[   0    0 1491]
 [   0    0 1469]
 [   0    0 1557]]
Test Acc: 0.34, 0.67, 0.34, Test F1: 0.18
[[   0    0 1491]
 [   0    0 1469]
 [   0    0 1557]]
Test Acc: 0.34, 0.67, 0.34, Test F1: 0.18
[[   0    0 1491]
 [   0    0 1469]
 [   0    0 1557]]
Test Acc: 0.34, 0.67, 0.34, Test F1: 0.18
[[   0    0 1491]
 [   0    0 1469]
 [   0    0 1557]]
Test Acc: 0.34, 0.67, 0.34, Test F1: 0.18
[[   0    0 1491]
 [   0    0 1469]
 [   0    0 1557]]
Test Acc: 0.34, 0.67, 0.34, Test F1: 0.18
[[   0    0 1491]
 [   0    0 1469]
 [   0    0 1557]]
Test Acc: 0.34, 0.67, 0.34, Test F1: 0.18
[[   0    0 1491]
 [   0    0 1469]
 [   0    0 1557]]
Test Acc: 0.34, 0.67, 0.34, Test F1: 0.18
[[   0    0 1491]
 [   0    0 1469]
 [   0    0 1557]]
Test Acc: 0.34, 0.67, 0.34, Test F1: 0.18
[[   0    0 1491]
 [   0    0 1469]
 [   0    0 1557]]
Test Acc: 0.34, 0.67, 0.34, Test F1: 0.18
[[   0    0 1491]
 [   0    0 1469]
 [   0    0 1557]]
Test Acc: 0.34, 0.67, 0.34, Test F1: 0.18
[[   0    0 1491]
 [   0    0 1469]
 [   0    0 1557]]
Test Acc: 0.34, 0.67, 0.34, Test F1: 0.18
[[   0    0 1491]
 [   0    0 1469]
 [   0    0 1557]]
Test Acc: 0.34, 0.67, 0.34, Test F1: 0.18
[[   0    0 1491]
 [   0    0 1469]
 [   0    0 1557]]
Test Acc: 0.34, 0.67, 0.34, Test F1: 0.18
[[   0    0 1491]
 [   0    0 1469]
 [   0    0 1557]]
Test Acc: 0.34, 0.67, 0.34, Test F1: 0.18
[[   0    0 1491]
 [   0    0 1469]
 [   0    0 1557]]
Test Acc: 0.34, 0.67, 0.34, Test F1: 0.18
[[   0    0 1491]
 [   0    0 1469]
 [   0    0 1557]]
Test Acc: 0.34, 0.67, 0.34, Test F1: 0.18
[[   0    0 1491]
 [   0    0 1469]
 [   0    0 1557]]
Test Acc: 0.34, 0.67, 0.34, Test F1: 0.18
[[   0    0 1491]
 [   0    0 1469]
 [   0    0 1557]]
Test Acc: 0.34, 0.67, 0.34, Test F1: 0.18
[[   0    0 1491]
 [   0    0 1469]
 [   0    0 1557]]
Test Acc: 0.34, 0.67, 0.34, Test F1: 0.18
[[   0    0 1491]
 [   0    0 1469]
 [   0    0 1557]]
Test Acc: 0.34, 0.67, 0.34, Test F1: 0.18
[[   0    0 1491]
 [   0    0 1469]
 [   0    0 1557]]
Test Acc: 0.34, 0.67, 0.34, Test F1: 0.18
[[   0    0 1491]
 [   0    0 1469]
 [   0    0 1557]]
Test Acc: 0.34, 0.67, 0.34, Test F1: 0.18
[[   0    0 1491]
 [   0    0 1469]
 [   0    0 1557]]
Test Acc: 0.34, 0.67, 0.34, Test F1: 0.18
[[   0    0 1491]
 [   0    0 1469]
 [   0    0 1557]]
Test Acc: 0.34, 0.67, 0.34, Test F1: 0.18
[[   0    0 1491]
 [   0    0 1469]
 [   0    0 1557]]
Test Acc: 0.34, 0.67, 0.34, Test F1: 0.18
[[   0    0 1491]
 [   0    0 1469]
 [   0    0 1557]]
Test Acc: 0.34, 0.67, 0.34, Test F1: 0.18
[[   0    0 1491]
 [   0    0 1469]
 [   0    0 1557]]
Test Acc: 0.34, 0.67, 0.34, Test F1: 0.18
[[   0    0 1491]
 [   0    0 1469]
 [   0    0 1557]]
Test Acc: 0.34, 0.67, 0.34, Test F1: 0.18
[[   0    0 1491]
 [   0    0 1469]
 [   0    0 1557]]
Test Acc: 0.34, 0.67, 0.34, Test F1: 0.18
[[   0    0 1491]
 [   0    0 1469]
 [   0    0 1557]]
Test Acc: 0.34, 0.67, 0.34, Test F1: 0.18
[[   0    0 1491]
 [   0    0 1469]
 [   0    0 1557]]
Test Acc: 0.34, 0.67, 0.34, Test F1: 0.18
[[   0    0 1491]
 [   0    0 1469]
 [   0    0 1557]]
Test Acc: 0.34, 0.67, 0.34, Test F1: 0.18
[[   0    0 1491]
 [   0    0 1469]
 [   0    0 1557]]
Test Acc: 0.34, 0.67, 0.34, Test F1: 0.18
[[   0    0 1491]
 [   0    0 1469]
 [   0    0 1557]]
Test Acc: 0.34, 0.67, 0.34, Test F1: 0.18
[[   0    0 1491]
 [   0    0 1469]
 [   0    0 1557]]
Test Acc: 0.34, 0.67, 0.34, Test F1: 0.18
[[   0    0 1491]
 [   0    0 1469]
 [   0    0 1557]]
Test Acc: 0.34, 0.67, 0.34, Test F1: 0.18
[[   0    0 1491]
 [   0    0 1469]
 [   0    0 1557]]
Test Acc: 0.34, 0.67, 0.34, Test F1: 0.18
[[   0    0 1491]
 [   0    0 1469]
 [   0    0 1557]]
Test Acc: 0.34, 0.67, 0.34, Test F1: 0.18
[[   0    0 1491]
 [   0    0 1469]
 [   0    0 1557]]
Test Acc: 0.34, 0.67, 0.34, Test F1: 0.18
[[   0    0 1491]
 [   0    0 1469]
 [   0    0 1557]]
Test Acc: 0.34, 0.67, 0.34, Test F1: 0.18
[[   0    0 1491]
 [   0    0 1469]
 [   0    0 1557]]
Test Acc: 0.34, 0.67, 0.34, Test F1: 0.18
[[   0    0 1491]
 [   1    0 1468]
 [   0    0 1557]]
Test Acc: 0.34, 0.67, 0.34, Test F1: 0.18
[[   0    0 1491]
 [   1    0 1468]
 [   0    0 1557]]
Test Acc: 0.34, 0.67, 0.35, Test F1: 0.18
[[   0    0 1491]
 [   2    0 1467]
 [   0    0 1557]]
Test Acc: 0.34, 0.67, 0.35, Test F1: 0.18
[[   0    0 1491]
 [   2    0 1467]
 [   0    0 1557]]
Test Acc: 0.34, 0.67, 0.34, Test F1: 0.18
[[   0    0 1491]
 [   0    0 1469]
 [   0    0 1557]]
Test Acc: 0.34, 0.67, 0.34, Test F1: 0.18
[[   0    0 1491]
 [   0    0 1469]
 [   0    0 1557]]
Test Acc: 0.34, 0.67, 0.34, Test F1: 0.18
[[   0    0 1491]
 [   0    0 1469]
 [   0    0 1557]]
Test Acc: 0.34, 0.67, 0.34, Test F1: 0.18
[[   0    0 1491]
 [   0    0 1469]
 [   0    0 1557]]
Test Acc: 0.34, 0.67, 0.34, Test F1: 0.18
[[   0    0 1491]
 [   0    0 1469]
 [   0    0 1557]]
Test Acc: 0.34, 0.67, 0.34, Test F1: 0.18
[[   0    0 1491]
 [   0    0 1469]
 [   0    0 1557]]
Test Acc: 0.34, 0.67, 0.34, Test F1: 0.18
[[   0    0 1491]
 [   0    0 1469]
 [   0    0 1557]]
Test Acc: 0.34, 0.67, 0.34, Test F1: 0.18
[[   0    0 1491]
 [   0    0 1469]
 [   0    0 1557]]
Test Acc: 0.34, 0.67, 0.34, Test F1: 0.18
[[   0    0 1491]
 [   0    0 1469]
 [   0    0 1557]]
Test Acc: 0.34, 0.67, 0.34, Test F1: 0.18
[[   0    0 1491]
 [   0    0 1469]
 [   0    0 1557]]
Test Acc: 0.34, 0.67, 0.34, Test F1: 0.18
[[   0    0 1491]
 [   0    0 1469]
 [   0    0 1557]]
Test Acc: 0.34, 0.67, 0.34, Test F1: 0.18
[[   0    0 1491]
 [   0    0 1469]
 [   0    0 1557]]
Test Acc: 0.34, 0.67, 0.34, Test F1: 0.18
[[   0    0 1491]
 [   0    0 1469]
 [   0    0 1557]]
Test Acc: 0.34, 0.67, 0.34, Test F1: 0.18
[[   0    0 1491]
 [   0    0 1469]
 [   0    0 1557]]
Test Acc: 0.34, 0.67, 0.34, Test F1: 0.18
[[   0    0 1491]
 [   0    0 1469]
 [   0    0 1557]]
Test Acc: 0.34, 0.67, 0.34, Test F1: 0.18
[[   0    0 1491]
 [   0    0 1469]
 [   0    0 1557]]
Test Acc: 0.34, 0.67, 0.34, Test F1: 0.18
[[   0    0 1491]
 [   0    0 1469]
 [   0    0 1557]]
Test Acc: 0.34, 0.67, 0.34, Test F1: 0.18
[[   0    0 1491]
 [   0    0 1469]
 [   0    0 1557]]
Test Acc: 0.33, 0.67, 0.66, Test F1: 0.16
[[1491    0    0]
 [1469    0    0]
 [1557    0    0]]
Test Acc: 0.33, 0.67, 0.66, Test F1: 0.16
[[1491    0    0]
 [1469    0    0]
 [1557    0    0]]
Test Acc: 0.33, 0.67, 0.66, Test F1: 0.16
[[1491    0    0]
 [1469    0    0]
 [1557    0    0]]
Test Acc: 0.33, 0.67, 0.66, Test F1: 0.16
[[1491    0    0]
 [1469    0    0]
 [1557    0    0]]
Test Acc: 0.33, 0.67, 0.66, Test F1: 0.16
[[1491    0    0]
 [1469    0    0]
 [1557    0    0]]
Test Acc: 0.33, 0.67, 0.66, Test F1: 0.16
[[1491    0    0]
 [1469    0    0]
 [1557    0    0]]
Test Acc: 0.34, 0.67, 0.34, Test F1: 0.18
[[   0    0 1491]
 [   0    0 1469]
 [   0    0 1557]]
Test Acc: 0.34, 0.67, 0.34, Test F1: 0.18
[[   0    0 1491]
 [   0    0 1469]
 [   0    0 1557]]
Test Acc: 0.61, 0.95, 0.66, Test F1: 0.51
[[1475   16    0]
 [ 200 1269    0]
 [1557    0    0]]
Test Acc: 0.61, 0.95, 0.66, Test F1: 0.51
[[1475   16    0]
 [ 200 1269    0]
 [1557    0    0]]
Test Acc: 0.60, 0.94, 0.66, Test F1: 0.49
[[1297  194    0]
 [  77 1392    0]
 [1557    0    0]]
Test Acc: 0.60, 0.94, 0.66, Test F1: 0.49
[[1297  194    0]
 [  77 1392    0]
 [1557    0    0]]
Test Acc: 0.34, 0.67, 0.34, Test F1: 0.18
[[   0    0 1491]
 [   0    0 1469]
 [   0    0 1557]]
Test Acc: 0.34, 0.67, 0.34, Test F1: 0.18
[[   0    0 1491]
 [   0    0 1469]
 [   0    0 1557]]
Test Acc: 0.34, 0.67, 0.34, Test F1: 0.18
[[   0    0 1491]
 [   0    0 1469]
 [   0    0 1557]]
Test Acc: 0.34, 0.67, 0.34, Test F1: 0.18
[[   0    0 1491]
 [   0    0 1469]
 [   0    0 1557]]
Test Acc: 0.34, 0.67, 0.34, Test F1: 0.18
[[   0    0 1491]
 [   0    0 1469]
 [   0    0 1557]]
Test Acc: 0.34, 0.67, 0.34, Test F1: 0.18
[[   0    0 1491]
 [   0    0 1469]
 [   0    0 1557]]
Test Acc: 0.34, 0.67, 0.34, Test F1: 0.18
[[   0    0 1491]
 [   0    0 1469]
 [   0    0 1557]]
Test Acc: 0.34, 0.67, 0.34, Test F1: 0.18
[[   0    0 1491]
 [   0    0 1469]
 [   0    0 1557]]
Test Acc: 0.34, 0.67, 0.34, Test F1: 0.18
[[   0    0 1491]
 [   0    0 1469]
 [   0    0 1557]]
Test Acc: 0.34, 0.67, 0.34, Test F1: 0.18
[[   0    0 1491]
 [   0    0 1469]
 [   0    0 1557]]
Test Acc: 0.34, 0.67, 0.34, Test F1: 0.18
[[   0    0 1491]
 [   0    0 1469]
 [   0    0 1557]]
Test Acc: 0.34, 0.67, 0.34, Test F1: 0.18
[[   0    0 1491]
 [   0    0 1469]
 [   0    0 1557]]
Test Acc: 0.33, 0.67, 0.66, Test F1: 0.16
[[1491    0    0]
 [1469    0    0]
 [1557    0    0]]
Test Acc: 0.33, 0.67, 0.66, Test F1: 0.16
[[1491    0    0]
 [1469    0    0]
 [1557    0    0]]
Test Acc: 0.33, 0.67, 0.66, Test F1: 0.16
[[1491    0    0]
 [1469    0    0]
 [1557    0    0]]
Test Acc: 0.33, 0.67, 0.66, Test F1: 0.16
[[1491    0    0]
 [1469    0    0]
 [1557    0    0]]
Test Acc: 0.34, 0.67, 0.34, Test F1: 0.18
[[   0    0 1491]
 [   0    0 1469]
 [   0    0 1557]]
Test Acc: 0.34, 0.67, 0.34, Test F1: 0.18
[[   0    0 1491]
 [   0    0 1469]
 [   0    0 1557]]
Test Acc: 0.34, 0.67, 0.34, Test F1: 0.18
[[   0    0 1491]
 [   0    0 1469]
 [   0    0 1557]]
Test Acc: 0.34, 0.67, 0.34, Test F1: 0.18
[[   0    0 1491]
 [   0    0 1469]
 [   0    0 1557]]
Test Acc: 0.34, 0.67, 0.34, Test F1: 0.18
[[   0    0 1491]
 [   0    0 1469]
 [   0    0 1557]]
Test Acc: 0.34, 0.67, 0.34, Test F1: 0.18
[[   0    0 1491]
 [   0    0 1469]
 [   0    0 1557]]
Test Acc: 0.34, 0.67, 0.34, Test F1: 0.18
[[   0    0 1491]
 [   0    0 1469]
 [   0    0 1557]]
Test Acc: 0.34, 0.67, 0.34, Test F1: 0.18
[[   0    0 1491]
 [   0    0 1469]
 [   0    0 1557]]
Test Acc: 0.34, 0.67, 0.34, Test F1: 0.18
[[   0    0 1491]
 [   0    0 1469]
 [   0    0 1557]]
Test Acc: 0.34, 0.67, 0.34, Test F1: 0.18
[[   0    0 1491]
 [   0    0 1469]
 [   0    0 1557]]
Test Acc: 0.34, 0.67, 0.34, Test F1: 0.18
[[   0    0 1491]
 [   0    0 1469]
 [   0    0 1557]]
Test Acc: 0.34, 0.67, 0.34, Test F1: 0.18
[[   0    0 1491]
 [   0    0 1469]
 [   0    0 1557]]
Test Acc: 0.34, 0.67, 0.34, Test F1: 0.18
[[   0    0 1491]
 [   0    0 1469]
 [   0    0 1557]]
Test Acc: 0.34, 0.67, 0.34, Test F1: 0.18
[[   0    0 1491]
 [   0    0 1469]
 [   0    0 1557]]
Test Acc: 0.12, 0.67, 0.12, Test F1: 0.10
[[ 532    0  959]
 [   6    0 1463]
 [1557    0    0]]
Test Acc: 0.12, 0.67, 0.12, Test F1: 0.10
[[ 532    0  959]
 [   6    0 1463]
 [1557    0    0]]
Test Acc: 0.34, 0.67, 0.34, Test F1: 0.18
[[   0    0 1491]
 [   0    0 1469]
 [   0    0 1557]]
Test Acc: 0.34, 0.67, 0.34, Test F1: 0.18
[[   0    0 1491]
 [   0    0 1469]
 [   0    0 1557]]
Test Acc: 0.04, 0.67, 0.04, Test F1: 0.04
[[ 174    0 1317]
 [   0    0 1469]
 [1536    0   21]]
Test Acc: 0.04, 0.67, 0.04, Test F1: 0.04
[[ 174    0 1317]
 [   0    0 1469]
 [1536    0   21]]
Test Acc: 0.02, 0.67, 0.02, Test F1: 0.02
[[  95    0 1396]
 [   0    0 1469]
 [1555    0    2]]
Test Acc: 0.02, 0.67, 0.02, Test F1: 0.02
[[  95    0 1396]
 [   0    0 1469]
 [1555    0    2]]
Test Acc: 0.34, 0.67, 0.34, Test F1: 0.18
[[   0    0 1491]
 [   0    0 1469]
 [   0    0 1557]]
Test Acc: 0.34, 0.67, 0.34, Test F1: 0.18
[[   0    0 1491]
 [   0    0 1469]
 [   0    0 1557]]
Test Acc: 0.34, 0.67, 0.34, Test F1: 0.18
[[   0    0 1491]
 [   0    0 1469]
 [   0    0 1557]]
Test Acc: 0.34, 0.67, 0.34, Test F1: 0.18
[[   0    0 1491]
 [   0    0 1469]
 [   0    0 1557]]
Test Acc: 0.34, 0.67, 0.34, Test F1: 0.18
[[   0    0 1491]
 [   0    0 1469]
 [   0    0 1557]]
Test Acc: 0.34, 0.67, 0.34, Test F1: 0.18
[[   0    0 1491]
 [   0    0 1469]
 [   0    0 1557]]
Test Acc: 0.34, 0.67, 0.34, Test F1: 0.18
[[   0    0 1491]
 [   0    0 1469]
 [   0    0 1557]]
Test Acc: 0.34, 0.67, 0.34, Test F1: 0.18
[[   0    0 1491]
 [   0    0 1469]
 [   0    0 1557]]
Test Acc: 0.34, 0.67, 0.34, Test F1: 0.18
[[   0    0 1491]
 [   0    0 1469]
 [   0    0 1557]]
Test Acc: 0.34, 0.67, 0.34, Test F1: 0.18
[[   0    0 1491]
 [   0    0 1469]
 [   0    0 1557]]
Test Acc: 0.34, 0.67, 0.34, Test F1: 0.18
[[   0    0 1491]
 [   0    0 1469]
 [   0    0 1557]]
Test Acc: 0.34, 0.67, 0.34, Test F1: 0.18
[[   0    0 1491]
 [   0    0 1469]
 [   0    0 1557]]
Test Acc: 0.34, 0.67, 0.34, Test F1: 0.18
[[   0    0 1491]
 [   0    0 1469]
 [   0    0 1557]]
Test Acc: 0.34, 0.67, 0.34, Test F1: 0.18
[[   0    0 1491]
 [   0    0 1469]
 [   0    0 1557]]
Test Acc: 0.34, 0.67, 0.34, Test F1: 0.18
[[   0    0 1491]
 [   0    0 1469]
 [   0    0 1557]]
Test Acc: 0.34, 0.67, 0.34, Test F1: 0.18
[[   0    0 1491]
 [   0    0 1469]
 [   0    0 1557]]
Test Acc: 0.34, 0.67, 0.34, Test F1: 0.18
[[   0    0 1491]
 [   0    0 1469]
 [   0    0 1557]]
Test Acc: 0.34, 0.67, 0.34, Test F1: 0.18
[[   0    0 1491]
 [   0    0 1469]
 [   0    0 1557]]
Test Acc: 0.34, 0.67, 0.34, Test F1: 0.18
[[   0    0 1491]
 [   0    0 1469]
 [   0    0 1557]]
Test Acc: 0.34, 0.67, 0.34, Test F1: 0.18
[[   0    0 1491]
 [   0    0 1469]
 [   0    0 1557]]
Test Acc: 0.34, 0.67, 0.34, Test F1: 0.18
[[   0    0 1491]
 [   0    0 1469]
 [   0    0 1557]]
Test Acc: 0.34, 0.67, 0.34, Test F1: 0.18
[[   0    0 1491]
 [   0    0 1469]
 [   0    0 1557]]
Test Acc: 0.34, 0.67, 0.34, Test F1: 0.18
[[   0    0 1491]
 [   0    0 1469]
 [   0    0 1557]]
Test Acc: 0.34, 0.67, 0.34, Test F1: 0.18
[[   0    0 1491]
 [   0    0 1469]
 [   0    0 1557]]
Test Acc: 0.34, 0.67, 0.34, Test F1: 0.18
[[   0    0 1491]
 [   0    0 1469]
 [   0    0 1557]]
Test Acc: 0.34, 0.67, 0.34, Test F1: 0.18
[[   0    0 1491]
 [   0    0 1469]
 [   0    0 1557]]
Test Acc: 0.34, 0.67, 0.34, Test F1: 0.18
[[   0    0 1491]
 [   0    0 1469]
 [   0    0 1557]]
Test Acc: 0.34, 0.67, 0.34, Test F1: 0.18
[[   0    0 1491]
 [   0    0 1469]
 [   0    0 1557]]
Test Acc: 0.34, 0.67, 0.34, Test F1: 0.18
[[   0    0 1491]
 [   0    0 1469]
 [   0    0 1557]]
Test Acc: 0.34, 0.67, 0.34, Test F1: 0.18
[[   0    0 1491]
 [   0    0 1469]
 [   0    0 1557]]
Test Acc: 0.34, 0.67, 0.34, Test F1: 0.18
[[   0    0 1491]
 [   0    0 1469]
 [   0    0 1557]]
Test Acc: 0.34, 0.67, 0.34, Test F1: 0.18
[[   0    0 1491]
 [   0    0 1469]
 [   0    0 1557]]
Test Acc: 0.34, 0.67, 0.34, Test F1: 0.18
[[   0    0 1491]
 [   0    0 1469]
 [   0    0 1557]]
Test Acc: 0.34, 0.67, 0.34, Test F1: 0.18
[[   0    0 1491]
 [   0    0 1469]
 [   0    0 1557]]
Test Acc: 0.33, 0.67, 0.66, Test F1: 0.16
[[1491    0    0]
 [1469    0    0]
 [1557    0    0]]
Test Acc: 0.33, 0.67, 0.66, Test F1: 0.16
[[1491    0    0]
 [1469    0    0]
 [1557    0    0]]
Test Acc: 0.34, 0.67, 0.34, Test F1: 0.18
[[   0    0 1491]
 [   0    0 1469]
 [   0    0 1557]]
Test Acc: 0.34, 0.67, 0.34, Test F1: 0.18
[[   0    0 1491]
 [   0    0 1469]
 [   0    0 1557]]
Test Acc: 0.35, 0.67, 0.35, Test F1: 0.18
[[   2    0 1489]
 [   2    0 1467]
 [   0    0 1557]]
Test Acc: 0.35, 0.67, 0.35, Test F1: 0.18
[[   2    0 1489]
 [   2    0 1467]
 [   0    0 1557]]
Test Acc: 0.34, 0.67, 0.34, Test F1: 0.18
[[   0    0 1491]
 [   0    0 1469]
 [   0    0 1557]]
Test Acc: 0.34, 0.67, 0.34, Test F1: 0.18
[[   0    0 1491]
 [   0    0 1469]
 [   0    0 1557]]
Test Acc: 0.36, 0.67, 0.36, Test F1: 0.22
[[  90    0 1401]
 [   1    0 1468]
 [   0    0 1557]]
Test Acc: 0.36, 0.67, 0.36, Test F1: 0.22
[[  90    0 1401]
 [   1    0 1468]
 [   0    0 1557]]
Test Acc: 0.53, 0.67, 0.63, Test F1: 0.43
[[ 852    0  639]
 [ 427    0 1042]
 [   0    0 1557]]
Test Acc: 0.53, 0.67, 0.63, Test F1: 0.43
[[ 852    0  639]
 [ 427    0 1042]
 [   0    0 1557]]
Test Acc: 0.46, 0.66, 0.66, Test F1: 0.40
[[ 388  244  859]
 [ 681  247  541]
 [  43   83 1431]]
Test Acc: 0.46, 0.66, 0.66, Test F1: 0.40
[[ 388  244  859]
 [ 681  247  541]
 [  43   83 1431]]
Test Acc: 0.37, 0.44, 0.66, Test F1: 0.26
[[ 286 1205    0]
 [  89 1380    0]
 [ 327 1230    0]]
Test Acc: 0.37, 0.44, 0.66, Test F1: 0.26
[[ 286 1205    0]
 [  89 1380    0]
 [ 327 1230    0]]
Test Acc: 0.33, 0.33, 0.66, Test F1: 0.16
[[   4 1487    0]
 [   3 1466    0]
 [   0 1557    0]]
Test Acc: 0.33, 0.33, 0.66, Test F1: 0.16
[[   4 1487    0]
 [   3 1466    0]
 [   0 1557    0]]
Test Acc: 0.33, 0.67, 0.66, Test F1: 0.16
[[1491    0    0]
 [1469    0    0]
 [1557    0    0]]
Test Acc: 0.33, 0.67, 0.66, Test F1: 0.16
[[1491    0    0]
 [1469    0    0]
 [1557    0    0]]
Test Acc: 0.33, 0.67, 0.66, Test F1: 0.16
[[1491    0    0]
 [1469    0    0]
 [1557    0    0]]
Test Acc: 0.33, 0.67, 0.66, Test F1: 0.16
[[1491    0    0]
 [1469    0    0]
 [1557    0    0]]
Test Acc: 0.33, 0.67, 0.66, Test F1: 0.16
[[1490    0    1]
 [1469    0    0]
 [1557    0    0]]
Test Acc: 0.33, 0.67, 0.66, Test F1: 0.16
[[1490    0    1]
 [1469    0    0]
 [1557    0    0]]
Test Acc: 0.33, 0.67, 0.66, Test F1: 0.16
[[1491    0    0]
 [1469    0    0]
 [1557    0    0]]
Test Acc: 0.33, 0.67, 0.66, Test F1: 0.16
[[1491    0    0]
 [1469    0    0]
 [1557    0    0]]
Test Acc: 0.44, 0.67, 0.70, Test F1: 0.36
[[1181    0  310]
 [1160    0  309]
 [ 728    0  829]]
Test Acc: 0.44, 0.67, 0.70, Test F1: 0.36
[[1181    0  310]
 [1160    0  309]
 [ 728    0  829]]
Test Acc: 0.35, 0.67, 0.35, Test F1: 0.19
[[  32    0 1459]
 [   0    0 1469]
 [   0    0 1557]]
Test Acc: 0.35, 0.67, 0.35, Test F1: 0.19
[[  32    0 1459]
 [   0    0 1469]
 [   0    0 1557]]
Test Acc: 0.50, 0.67, 0.55, Test F1: 0.40
[[ 752    0  739]
 [ 238    0 1231]
 [  60    0 1497]]
Test Acc: 0.50, 0.67, 0.55, Test F1: 0.40
[[ 752    0  739]
 [ 238    0 1231]
 [  60    0 1497]]
Test Acc: 0.35, 0.67, 0.35, Test F1: 0.18
[[   8    0 1483]
 [   0    0 1469]
 [   0    0 1557]]
Test Acc: 0.35, 0.67, 0.35, Test F1: 0.18
[[   8    0 1483]
 [   0    0 1469]
 [   0    0 1557]]
Test Acc: 0.45, 0.67, 0.57, Test F1: 0.34
[[   0  503  988]
 [   0 1469    0]
 [   0  974  583]]
Test Acc: 0.45, 0.67, 0.57, Test F1: 0.34
[[   0  503  988]
 [   0 1469    0]
 [   0  974  583]]
Test Acc: 0.33, 0.33, 0.66, Test F1: 0.16
[[   0 1491    0]
 [   0 1469    0]
 [   0 1557    0]]
Test Acc: 0.33, 0.33, 0.66, Test F1: 0.16
[[   0 1491    0]
 [   0 1469    0]
 [   0 1557    0]]
Test Acc: 1.00, 1.00, 1.00, Test F1: 1.00
[[1491    0    0]
 [   1 1468    0]
 [  21    0 1536]]
Test Acc: 1.00, 1.00, 1.00, Test F1: 1.00
[[1491    0    0]
 [   1 1468    0]
 [  21    0 1536]]
Test Acc: 0.99, 1.00, 0.99, Test F1: 0.99
[[1490    0    1]
 [   0 1469    0]
 [  44    0 1513]]
Test Acc: 0.99, 1.00, 0.99, Test F1: 0.99
[[1490    0    1]
 [   0 1469    0]
 [  44    0 1513]]
Test Acc: 1.00, 1.00, 1.00, Test F1: 1.00
[[1491    0    0]
 [   0 1469    0]
 [   6    0 1551]]
Test Acc: 1.00, 1.00, 1.00, Test F1: 1.00
[[1491    0    0]
 [   0 1469    0]
 [   6    0 1551]]
Test Acc: 0.88, 0.91, 0.97, Test F1: 0.88
[[ 986  400  105]
 [   0 1469    0]
 [  16    0 1541]]
Test Acc: 0.88, 0.91, 0.97, Test F1: 0.88
[[ 986  400  105]
 [   0 1469    0]
 [  16    0 1541]]
Test Acc: 0.89, 0.92, 0.96, Test F1: 0.88
[[1076  354   61]
 [   0 1469    0]
 [ 104    0 1453]]
Test Acc: 0.89, 0.92, 0.96, Test F1: 0.88
[[1076  354   61]
 [   0 1469    0]
 [ 104    0 1453]]
Test Acc: 0.64, 0.99, 0.66, Test F1: 0.53
[[1451   40    0]
 [  23 1446    0]
 [1556    1    0]]
Test Acc: 0.64, 0.99, 0.66, Test F1: 0.53
[[1451   40    0]
 [  23 1446    0]
 [1556    1    0]]
Test Acc: 0.34, 0.67, 0.34, Test F1: 0.18
[[   0    0 1491]
 [   0    0 1469]
 [   1    0 1556]]
Test Acc: 0.34, 0.67, 0.34, Test F1: 0.18
[[   0    0 1491]
 [   0    0 1469]
 [   1    0 1556]]
Test Acc: 0.34, 0.67, 0.34, Test F1: 0.18
[[   0    0 1491]
 [   0    0 1469]
 [   0    0 1557]]
Test Acc: 0.34, 0.67, 0.34, Test F1: 0.18
[[   0    0 1491]
 [   0    0 1469]
 [   0    0 1557]]
Test Acc: 0.34, 0.67, 0.34, Test F1: 0.18
[[   0    0 1491]
 [   0    0 1469]
 [   0    0 1557]]
Test Acc: 0.34, 0.67, 0.34, Test F1: 0.18
[[   0    0 1491]
 [   0    0 1469]
 [   0    0 1557]]
Test Acc: 0.34, 0.67, 0.34, Test F1: 0.18
[[   0    0 1491]
 [   0    0 1469]
 [   0    0 1557]]
Test Acc: 0.34, 0.67, 0.34, Test F1: 0.18
[[   0    0 1491]
 [   0    0 1469]
 [   0    0 1557]]
Test Acc: 0.34, 0.67, 0.34, Test F1: 0.18
[[   0    0 1491]
 [   0    0 1469]
 [   1    0 1556]]
Test Acc: 0.34, 0.67, 0.34, Test F1: 0.18
[[   0    0 1491]
 [   0    0 1469]
 [   1    0 1556]]
Test Acc: 0.34, 0.67, 0.34, Test F1: 0.18
[[   0    0 1491]
 [   0    0 1469]
 [   0    0 1557]]
Test Acc: 0.34, 0.67, 0.34, Test F1: 0.18
[[   0    0 1491]
 [   0    0 1469]
 [   0    0 1557]]
Test Acc: 0.34, 0.67, 0.34, Test F1: 0.18
[[   0    0 1491]
 [   0    0 1469]
 [   2    0 1555]]
Test Acc: 0.34, 0.67, 0.34, Test F1: 0.18
[[   0    0 1491]
 [   0    0 1469]
 [   2    0 1555]]
Test Acc: 0.34, 0.67, 0.34, Test F1: 0.18
[[   0    0 1491]
 [   0    0 1469]
 [   2    0 1555]]
Test Acc: 0.34, 0.67, 0.34, Test F1: 0.18
[[   0    0 1491]
 [   0    0 1469]
 [   2    0 1555]]
Test Acc: 0.34, 0.67, 0.34, Test F1: 0.18
[[   0    0 1491]
 [   0    0 1469]
 [   2    0 1555]]
Test Acc: 0.34, 0.67, 0.34, Test F1: 0.18
[[   0    0 1491]
 [   0    0 1469]
 [   2    0 1555]]
Test Acc: 0.34, 0.67, 0.34, Test F1: 0.18
[[   0    0 1491]
 [   0    0 1469]
 [   2    0 1555]]
Test Acc: 0.34, 0.67, 0.34, Test F1: 0.18
[[   0    0 1491]
 [   0    0 1469]
 [   2    0 1555]]
Test Acc: 0.33, 0.67, 0.66, Test F1: 0.16
[[1491    0    0]
 [1469    0    0]
 [1557    0    0]]
Test Acc: 0.33, 0.67, 0.66, Test F1: 0.16
[[1491    0    0]
 [1469    0    0]
 [1557    0    0]]
Test Acc: 0.33, 0.67, 0.66, Test F1: 0.16
[[1491    0    0]
 [1469    0    0]
 [1555    2    0]]
Test Acc: 0.33, 0.67, 0.66, Test F1: 0.16
[[1491    0    0]
 [1469    0    0]
 [1555    2    0]]
Test Acc: 0.34, 0.67, 0.34, Test F1: 0.18
[[   0    0 1491]
 [   0    0 1469]
 [   0    0 1557]]
Test Acc: 0.34, 0.67, 0.34, Test F1: 0.18
[[   0    0 1491]
 [   0    0 1469]
 [   0    0 1557]]
Test Acc: 0.34, 0.67, 0.34, Test F1: 0.18
[[   0    0 1491]
 [   1    0 1468]
 [   0    0 1557]]
Test Acc: 0.34, 0.67, 0.34, Test F1: 0.18
[[   0    0 1491]
 [   1    0 1468]
 [   0    0 1557]]
Test Acc: 0.89, 0.97, 0.92, Test F1: 0.89
[[1490    1    0]
 [ 134 1335    0]
 [ 366    0 1191]]
Test Acc: 0.89, 0.97, 0.92, Test F1: 0.89
[[1490    1    0]
 [ 134 1335    0]
 [ 366    0 1191]]
Test Acc: 0.34, 0.67, 0.34, Test F1: 0.18
[[   0    0 1491]
 [   0    0 1469]
 [   0    0 1557]]
Test Acc: 0.34, 0.67, 0.34, Test F1: 0.18
[[   0    0 1491]
 [   0    0 1469]
 [   0    0 1557]]
Test Acc: 0.81, 0.97, 0.84, Test F1: 0.80
[[1385  106    0]
 [  19 1450    0]
 [ 742    0  815]]
Test Acc: 0.81, 0.97, 0.84, Test F1: 0.80
[[1385  106    0]
 [  19 1450    0]
 [ 742    0  815]]
Test Acc: 0.39, 0.69, 0.68, Test F1: 0.30
[[ 151 1340    0]
 [   0 1469    0]
 [1392   44  121]]
Test Acc: 0.39, 0.69, 0.68, Test F1: 0.30
[[ 151 1340    0]
 [   0 1469    0]
 [1392   44  121]]
Test Acc: 0.68, 0.85, 0.83, Test F1: 0.68
[[ 805  668   18]
 [  10 1459    0]
 [ 726    6  825]]
Test Acc: 0.68, 0.85, 0.83, Test F1: 0.68
[[ 805  668   18]
 [  10 1459    0]
 [ 726    6  825]]
Test Acc: 0.33, 0.37, 0.66, Test F1: 0.17
[[  24 1467    0]
 [   0 1469    0]
 [ 162 1395    0]]
Test Acc: 0.33, 0.37, 0.66, Test F1: 0.17
[[  24 1467    0]
 [   0 1469    0]
 [ 162 1395    0]]
Test Acc: 0.34, 0.67, 0.34, Test F1: 0.18
[[   0    0 1491]
 [   0    0 1469]
 [   0    0 1557]]
Test Acc: 0.34, 0.67, 0.34, Test F1: 0.18
[[   0    0 1491]
 [   0    0 1469]
 [   0    0 1557]]
Test Acc: 0.34, 0.67, 0.34, Test F1: 0.18
[[   0    0 1491]
 [   0    0 1469]
 [   0    0 1557]]
Test Acc: 0.34, 0.67, 0.34, Test F1: 0.18
[[   0    0 1491]
 [   0    0 1469]
 [   0    0 1557]]
Test Acc: 0.34, 0.67, 0.34, Test F1: 0.18
[[   0    0 1491]
 [   0    0 1469]
 [   0    0 1557]]
Test Acc: 0.34, 0.67, 0.34, Test F1: 0.18
[[   0    0 1491]
 [   0    0 1469]
 [   0    0 1557]]
Test Acc: 0.34, 0.67, 0.34, Test F1: 0.18
[[   0    0 1491]
 [   0    0 1469]
 [   0    0 1557]]
Test Acc: 0.34, 0.67, 0.34, Test F1: 0.18
[[   0    0 1491]
 [   0    0 1469]
 [   0    0 1557]]
Test Acc: 0.34, 0.67, 0.34, Test F1: 0.18
[[   0    0 1491]
 [   0    0 1469]
 [   0    0 1557]]
Test Acc: 0.34, 0.67, 0.34, Test F1: 0.18
[[   0    0 1491]
 [   0    0 1469]
 [   0    0 1557]]
Test Acc: 0.34, 0.67, 0.34, Test F1: 0.18
[[   0    0 1491]
 [   0    0 1469]
 [   0    0 1557]]
Test Acc: 0.34, 0.67, 0.34, Test F1: 0.18
[[   0    0 1491]
 [   0    0 1469]
 [   0    0 1557]]
Test Acc: 0.34, 0.67, 0.34, Test F1: 0.18
[[   0    0 1491]
 [   0    0 1469]
 [   0    0 1557]]
Test Acc: 0.34, 0.67, 0.34, Test F1: 0.18
[[   0    0 1491]
 [   0    0 1469]
 [   0    0 1557]]
Test Acc: 0.34, 0.67, 0.34, Test F1: 0.18
[[   0    0 1491]
 [   0    0 1469]
 [   0    0 1557]]
Test Acc: 0.34, 0.67, 0.34, Test F1: 0.18
[[   0    0 1491]
 [   0    0 1469]
 [   0    0 1557]]
Test Acc: 0.34, 0.67, 0.34, Test F1: 0.18
[[   0    0 1491]
 [   0    0 1469]
 [   0    0 1557]]
Test Acc: 0.34, 0.67, 0.34, Test F1: 0.18
[[   0    0 1491]
 [   0    0 1469]
 [   0    0 1557]]
Test Acc: 0.34, 0.67, 0.34, Test F1: 0.18
[[   0    0 1491]
 [   0    0 1469]
 [   0    0 1557]]
Test Acc: 0.34, 0.67, 0.34, Test F1: 0.18
[[   0    0 1491]
 [   0    0 1469]
 [   0    0 1557]]
Test Acc: 0.63, 0.67, 0.81, Test F1: 0.51
[[1333    0  158]
 [ 802    0  667]
 [  27    0 1530]]
Test Acc: 0.63, 0.67, 0.81, Test F1: 0.51
[[1333    0  158]
 [ 802    0  667]
 [  27    0 1530]]
Test Acc: 0.64, 0.67, 0.88, Test F1: 0.52
[[1434    0   57]
 [1093    0  376]
 [ 100    0 1457]]
Test Acc: 0.64, 0.67, 0.88, Test F1: 0.52
[[1434    0   57]
 [1093    0  376]
 [ 100    0 1457]]
Test Acc: 0.33, 0.67, 0.66, Test F1: 0.16
[[1491    0    0]
 [1469    0    0]
 [1557    0    0]]
Test Acc: 0.33, 0.67, 0.66, Test F1: 0.16
[[1491    0    0]
 [1469    0    0]
 [1557    0    0]]
Test Acc: 0.33, 0.67, 0.66, Test F1: 0.16
[[1491    0    0]
 [1469    0    0]
 [1557    0    0]]
Test Acc: 0.33, 0.67, 0.66, Test F1: 0.16
[[1491    0    0]
 [1469    0    0]
 [1557    0    0]]
Test Acc: 0.53, 0.68, 0.79, Test F1: 0.44
[[1490    0    1]
 [1198   19  252]
 [ 680    0  877]]
Test Acc: 0.53, 0.68, 0.79, Test F1: 0.44
[[1490    0    1]
 [1198   19  252]
 [ 680    0  877]]
Test Acc: 0.57, 0.68, 0.71, Test F1: 0.46
[[1490    0    1]
 [ 630   17  822]
 [ 491    3 1063]]
Test Acc: 0.57, 0.68, 0.71, Test F1: 0.46
[[1490    0    1]
 [ 630   17  822]
 [ 491    3 1063]]
Test Acc: 0.55, 0.68, 0.68, Test F1: 0.45
[[1490    0    1]
 [ 604   33  832]
 [ 584   12  961]]
Test Acc: 0.55, 0.68, 0.68, Test F1: 0.45
[[1490    0    1]
 [ 604   33  832]
 [ 584   12  961]]
Test Acc: 0.60, 0.67, 0.92, Test F1: 0.50
[[1491    0    0]
 [1455    0   14]
 [ 359    1 1197]]
Test Acc: 0.60, 0.67, 0.92, Test F1: 0.50
[[1491    0    0]
 [1455    0   14]
 [ 359    1 1197]]
Test Acc: 0.28, 0.67, 0.29, Test F1: 0.17
[[  46    0 1445]
 [  24    0 1445]
 [ 330    0 1227]]
Test Acc: 0.28, 0.67, 0.29, Test F1: 0.17
[[  46    0 1445]
 [  24    0 1445]
 [ 330    0 1227]]
Test Acc: 0.33, 0.67, 0.66, Test F1: 0.16
[[1491    0    0]
 [1469    0    0]
 [1557    0    0]]
Test Acc: 0.33, 0.67, 0.66, Test F1: 0.16
[[1491    0    0]
 [1469    0    0]
 [1557    0    0]]
Test Acc: 0.34, 0.67, 0.34, Test F1: 0.18
[[   0    0 1491]
 [   0    0 1469]
 [   0    0 1557]]
Test Acc: 0.34, 0.67, 0.34, Test F1: 0.18
[[   0    0 1491]
 [   0    0 1469]
 [   0    0 1557]]
Test Acc: 0.34, 0.67, 0.34, Test F1: 0.18
[[   0    0 1491]
 [   0    0 1469]
 [   0    0 1557]]
Test Acc: 0.34, 0.67, 0.34, Test F1: 0.18
[[   0    0 1491]
 [   0    0 1469]
 [   0    0 1557]]
Test Acc: 0.34, 0.67, 0.34, Test F1: 0.18
[[   0    0 1491]
 [   0    0 1469]
 [   0    0 1557]]
Test Acc: 0.34, 0.67, 0.34, Test F1: 0.18
[[   0    0 1491]
 [   0    0 1469]
 [   0    0 1557]]
Test Acc: 0.34, 0.67, 0.34, Test F1: 0.18
[[   0    0 1491]
 [   0    0 1469]
 [   0    0 1557]]
Test Acc: 0.34, 0.67, 0.34, Test F1: 0.18
[[   0    0 1491]
 [   0    0 1469]
 [   0    0 1557]]
Test Acc: 0.34, 0.67, 0.34, Test F1: 0.18
[[   0    0 1491]
 [   0    0 1469]
 [   0    0 1557]]
Test Acc: 0.34, 0.67, 0.34, Test F1: 0.18
[[   0    0 1491]
 [   0    0 1469]
 [   0    0 1557]]
Test Acc: 0.34, 0.67, 0.34, Test F1: 0.18
[[   0    0 1491]
 [   0    0 1469]
 [   0    0 1557]]
Test Acc: 0.34, 0.67, 0.34, Test F1: 0.18
[[   0    0 1491]
 [   0    0 1469]
 [   0    0 1557]]
Test Acc: 0.34, 0.67, 0.34, Test F1: 0.18
[[   0    0 1491]
 [   0    0 1469]
 [   0    0 1557]]
Test Acc: 0.34, 0.67, 0.34, Test F1: 0.18
[[   0    0 1491]
 [   0    0 1469]
 [   0    0 1557]]
Test Acc: 0.34, 0.67, 0.34, Test F1: 0.18
[[   0    0 1491]
 [   0    0 1469]
 [   0    0 1557]]
Test Acc: 0.34, 0.67, 0.34, Test F1: 0.18
[[   0    0 1491]
 [   0    0 1469]
 [   0    0 1557]]
Test Acc: 0.34, 0.67, 0.34, Test F1: 0.18
[[   0    0 1491]
 [   0    0 1469]
 [   0    0 1557]]
Test Acc: 0.34, 0.67, 0.34, Test F1: 0.18
[[   0    0 1491]
 [   0    0 1469]
 [   0    0 1557]]
Test Acc: 0.34, 0.67, 0.34, Test F1: 0.18
[[   0    0 1491]
 [   0    0 1469]
 [   0    0 1557]]
Test Acc: 0.34, 0.67, 0.34, Test F1: 0.18
[[   0    0 1491]
 [   0    0 1469]
 [   0    0 1557]]
Test Acc: 0.34, 0.67, 0.34, Test F1: 0.18
[[   0    0 1491]
 [   0    0 1469]
 [   0    0 1557]]
Test Acc: 0.34, 0.67, 0.34, Test F1: 0.18
[[   0    0 1491]
 [   0    0 1469]
 [   0    0 1557]]
Test Acc: 0.34, 0.67, 0.34, Test F1: 0.18
[[   0    0 1491]
 [   0    0 1469]
 [   0    0 1557]]
Test Acc: 0.34, 0.67, 0.34, Test F1: 0.18
[[   0    0 1491]
 [   0    0 1469]
 [   0    0 1557]]
Test Acc: 0.34, 0.67, 0.34, Test F1: 0.18
[[   0    0 1491]
 [   0    0 1469]
 [   0    0 1557]]
Test Acc: 0.34, 0.67, 0.34, Test F1: 0.18
[[   0    0 1491]
 [   0    0 1469]
 [   0    0 1557]]
Test Acc: 0.34, 0.67, 0.34, Test F1: 0.18
[[   0    0 1491]
 [   0    0 1469]
 [   0    0 1557]]
Test Acc: 0.34, 0.67, 0.34, Test F1: 0.18
[[   0    0 1491]
 [   0    0 1469]
 [   0    0 1557]]
Test Acc: 0.34, 0.67, 0.34, Test F1: 0.18
[[   0    0 1491]
 [   0    0 1469]
 [   0    0 1557]]
Test Acc: 0.34, 0.67, 0.34, Test F1: 0.18
[[   0    0 1491]
 [   0    0 1469]
 [   0    0 1557]]
Test Acc: 0.41, 0.67, 0.41, Test F1: 0.29
[[ 285    0 1206]
 [   0    0 1469]
 [   0    0 1557]]
Test Acc: 0.41, 0.67, 0.41, Test F1: 0.29
[[ 285    0 1206]
 [   0    0 1469]
 [   0    0 1557]]
Test Acc: 0.34, 0.67, 0.34, Test F1: 0.18
[[   0    0 1491]
 [   0    0 1469]
 [   0    0 1557]]
Test Acc: 0.34, 0.67, 0.34, Test F1: 0.18
[[   0    0 1491]
 [   0    0 1469]
 [   0    0 1557]]
Test Acc: 0.38, 0.67, 0.38, Test F1: 0.25
[[ 161    0 1330]
 [   0    0 1469]
 [   0    0 1557]]
Test Acc: 0.38, 0.67, 0.38, Test F1: 0.25
[[ 161    0 1330]
 [   0    0 1469]
 [   0    0 1557]]
Test Acc: 0.47, 0.67, 0.47, Test F1: 0.38
[[ 558   29  904]
 [   0    0 1469]
 [   0    0 1557]]
Test Acc: 0.47, 0.67, 0.47, Test F1: 0.38
[[ 558   29  904]
 [   0    0 1469]
 [   0    0 1557]]
Test Acc: 0.44, 0.61, 0.65, Test F1: 0.36
[[ 225  510  756]
 [ 410  218  841]
 [   1    0 1556]]
Test Acc: 0.44, 0.61, 0.65, Test F1: 0.36
[[ 225  510  756]
 [ 410  218  841]
 [   1    0 1556]]
Test Acc: 0.58, 0.75, 0.78, Test F1: 0.53
[[ 253  471  767]
 [ 436  820  213]
 [   0    0 1557]]
Test Acc: 0.58, 0.75, 0.78, Test F1: 0.53
[[ 253  471  767]
 [ 436  820  213]
 [   0    0 1557]]
Test Acc: 0.45, 0.78, 0.45, Test F1: 0.35
[[   0    0 1491]
 [   0  483  986]
 [   0    0 1557]]
Test Acc: 0.45, 0.78, 0.45, Test F1: 0.35
[[   0    0 1491]
 [   0  483  986]
 [   0    0 1557]]
Test Acc: 0.56, 0.60, 0.85, Test F1: 0.46
[[   0 1315  176]
 [   0 1469    0]
 [   0  514 1043]]
Test Acc: 0.56, 0.60, 0.85, Test F1: 0.46
[[   0 1315  176]
 [   0 1469    0]
 [   0  514 1043]]
Test Acc: 0.33, 0.33, 0.66, Test F1: 0.16
[[   0 1491    0]
 [   0 1469    0]
 [   0 1557    0]]
Test Acc: 0.33, 0.33, 0.66, Test F1: 0.16
[[   0 1491    0]
 [   0 1469    0]
 [   0 1557    0]]
Test Acc: 0.33, 0.67, 0.66, Test F1: 0.16
[[1491    0    0]
 [1469    0    0]
 [1557    0    0]]
Test Acc: 0.33, 0.67, 0.66, Test F1: 0.16
[[1491    0    0]
 [1469    0    0]
 [1557    0    0]]
Test Acc: 0.33, 0.67, 0.66, Test F1: 0.16
[[1491    0    0]
 [1469    0    0]
 [1557    0    0]]
Test Acc: 0.33, 0.67, 0.66, Test F1: 0.16
[[1491    0    0]
 [1469    0    0]
 [1557    0    0]]
Test Acc: 0.33, 0.67, 0.66, Test F1: 0.16
[[1491    0    0]
 [1469    0    0]
 [1557    0    0]]
Test Acc: 0.33, 0.67, 0.66, Test F1: 0.16
[[1491    0    0]
 [1469    0    0]
 [1557    0    0]]
Test Acc: 0.33, 0.67, 0.66, Test F1: 0.16
[[1491    0    0]
 [1469    0    0]
 [1557    0    0]]
Test Acc: 0.33, 0.67, 0.66, Test F1: 0.16
[[1491    0    0]
 [1469    0    0]
 [1557    0    0]]
Test Acc: 0.33, 0.67, 0.66, Test F1: 0.16
[[1490    0    1]
 [1469    0    0]
 [1557    0    0]]
Test Acc: 0.33, 0.67, 0.66, Test F1: 0.16
[[1490    0    1]
 [1469    0    0]
 [1557    0    0]]
Test Acc: 0.60, 0.93, 0.60, Test F1: 0.50
[[   1    0 1490]
 [   0 1469    0]
 [   0  299 1258]]
Test Acc: 0.60, 0.93, 0.60, Test F1: 0.50
[[   1    0 1490]
 [   0 1469    0]
 [   0  299 1258]]
Test Acc: 0.54, 0.87, 0.54, Test F1: 0.44
[[   0    0 1491]
 [   0 1469    0]
 [   0  590  967]]
Test Acc: 0.54, 0.87, 0.54, Test F1: 0.44
[[   0    0 1491]
 [   0 1469    0]
 [   0  590  967]]
Test Acc: 0.38, 0.64, 0.46, Test F1: 0.27
[[   0  317 1174]
 [   0 1469    0]
 [   0 1287  270]]
Test Acc: 0.38, 0.64, 0.46, Test F1: 0.27
[[   0  317 1174]
 [   0 1469    0]
 [   0 1287  270]]
Test Acc: 0.36, 0.60, 0.45, Test F1: 0.24
[[   0  403 1088]
 [   0 1469    0]
 [   0 1396  161]]
Test Acc: 0.36, 0.60, 0.45, Test F1: 0.24
[[   0  403 1088]
 [   0 1469    0]
 [   0 1396  161]]
Test Acc: 0.59, 0.67, 0.90, Test F1: 0.50
[[1491    0    0]
 [1394    0   75]
 [ 383    0 1174]]
Test Acc: 0.59, 0.67, 0.90, Test F1: 0.50
[[1491    0    0]
 [1394    0   75]
 [ 383    0 1174]]
Test Acc: 0.53, 0.67, 0.85, Test F1: 0.45
[[1491    0    0]
 [1460    0    9]
 [ 655    0  902]]
Test Acc: 0.53, 0.67, 0.85, Test F1: 0.45
[[1491    0    0]
 [1460    0    9]
 [ 655    0  902]]
Test Acc: 0.62, 0.67, 0.86, Test F1: 0.51
[[1491    0    0]
 [1091    0  378]
 [ 251    0 1306]]
Test Acc: 0.62, 0.67, 0.86, Test F1: 0.51
[[1491    0    0]
 [1091    0  378]
 [ 251    0 1306]]
Test Acc: 0.64, 0.67, 0.92, Test F1: 0.53
[[1491    0    0]
 [1279    0  190]
 [ 175    0 1382]]
Test Acc: 0.64, 0.67, 0.92, Test F1: 0.53
[[1491    0    0]
 [1279    0  190]
 [ 175    0 1382]]
Test Acc: 0.44, 0.67, 0.76, Test F1: 0.34
[[1490    1    0]
 [1469    0    0]
 [1081    0  476]]
Test Acc: 0.44, 0.67, 0.76, Test F1: 0.34
[[1490    1    0]
 [1469    0    0]
 [1081    0  476]]
Test Acc: 0.63, 0.95, 0.66, Test F1: 0.51
[[1362  129    0]
 [   0 1469    0]
 [1471   86    0]]
Test Acc: 0.63, 0.95, 0.66, Test F1: 0.51
[[1362  129    0]
 [   0 1469    0]
 [1471   86    0]]
Test Acc: 0.33, 0.33, 0.66, Test F1: 0.16
[[   1 1490    0]
 [   0 1469    0]
 [  21 1536    0]]
Test Acc: 0.33, 0.33, 0.66, Test F1: 0.16
[[   1 1490    0]
 [   0 1469    0]
 [  21 1536    0]]
Test Acc: 0.33, 0.33, 0.66, Test F1: 0.16
[[   0 1491    0]
 [   0 1469    0]
 [   0 1557    0]]
Test Acc: 0.33, 0.33, 0.66, Test F1: 0.16
[[   0 1491    0]
 [   0 1469    0]
 [   0 1557    0]]
Test Acc: 0.35, 0.68, 0.51, Test F1: 0.21
[[   5    2 1484]
 [ 726    9  734]
 [   1    2 1554]]
Test Acc: 0.35, 0.68, 0.51, Test F1: 0.21
[[   5    2 1484]
 [ 726    9  734]
 [   1    2 1554]]
Test Acc: 0.43, 0.75, 0.61, Test F1: 0.35
[[   6    2 1483]
 [ 816  360  293]
 [   1    2 1554]]
Test Acc: 0.43, 0.75, 0.61, Test F1: 0.35
[[   6    2 1483]
 [ 816  360  293]
 [   1    2 1554]]
Test Acc: 0.18, 0.51, 0.65, Test F1: 0.17
[[ 231 1260    0]
 [ 876  513   80]
 [1469   15   73]]
Test Acc: 0.18, 0.51, 0.65, Test F1: 0.17
[[ 231 1260    0]
 [ 876  513   80]
 [1469   15   73]]
Test Acc: 0.60, 0.67, 0.89, Test F1: 0.52
[[1076  130  285]
 [1207  101  161]
 [  31    0 1526]]
Test Acc: 0.60, 0.67, 0.89, Test F1: 0.52
[[1076  130  285]
 [1207  101  161]
 [  31    0 1526]]
Test Acc: 0.33, 0.67, 0.66, Test F1: 0.19
[[1408   81    2]
 [1391   67   11]
 [1543    1   13]]
Test Acc: 0.33, 0.67, 0.66, Test F1: 0.19
[[1408   81    2]
 [1391   67   11]
 [1543    1   13]]
Test Acc: 0.33, 0.67, 0.66, Test F1: 0.16
[[1491    0    0]
 [1469    0    0]
 [1557    0    0]]
Test Acc: 0.33, 0.67, 0.66, Test F1: 0.16
[[1491    0    0]
 [1469    0    0]
 [1557    0    0]]
Test Acc: 0.33, 0.67, 0.66, Test F1: 0.16
[[1491    0    0]
 [1469    0    0]
 [1557    0    0]]
Test Acc: 0.33, 0.67, 0.66, Test F1: 0.16
[[1491    0    0]
 [1469    0    0]
 [1557    0    0]]
Test Acc: 0.36, 0.67, 0.39, Test F1: 0.25
[[1490    0    1]
 [ 128    0 1341]
 [1399    0  158]]
Test Acc: 0.36, 0.67, 0.39, Test F1: 0.25
[[1490    0    1]
 [ 128    0 1341]
 [1399    0  158]]
Test Acc: 0.42, 0.68, 0.42, Test F1: 0.31
[[ 277    0 1214]
 [   0   45 1424]
 [   0    0 1557]]
Test Acc: 0.42, 0.68, 0.42, Test F1: 0.31
[[ 277    0 1214]
 [   0   45 1424]
 [   0    0 1557]]
Test Acc: 0.33, 0.67, 0.66, Test F1: 0.16
[[1491    0    0]
 [1469    0    0]
 [1557    0    0]]
Test Acc: 0.33, 0.67, 0.66, Test F1: 0.16
[[1491    0    0]
 [1469    0    0]
 [1557    0    0]]
Test Acc: 0.66, 0.99, 0.66, Test F1: 0.55
[[   0    0 1491]
 [   0 1469    0]
 [   0   28 1529]]
Test Acc: 0.66, 0.99, 0.66, Test F1: 0.55
[[   0    0 1491]
 [   0 1469    0]
 [   0   28 1529]]
Test Acc: 0.60, 0.92, 0.60, Test F1: 0.49
[[   0   23 1468]
 [   0 1469    0]
 [   0  331 1226]]
Test Acc: 0.60, 0.92, 0.60, Test F1: 0.49
[[   0   23 1468]
 [   0 1469    0]
 [   0  331 1226]]
Test Acc: 0.49, 0.79, 0.52, Test F1: 0.38
[[   0  138 1353]
 [   0 1469    0]
 [   0  825  732]]
Test Acc: 0.49, 0.79, 0.52, Test F1: 0.38
[[   0  138 1353]
 [   0 1469    0]
 [   0  825  732]]
Test Acc: 0.48, 0.78, 0.51, Test F1: 0.38
[[   0  149 1342]
 [   0 1469    0]
 [   0  860  697]]
Test Acc: 0.48, 0.78, 0.51, Test F1: 0.38
[[   0  149 1342]
 [   0 1469    0]
 [   0  860  697]]
Test Acc: 0.67, 0.98, 0.69, Test F1: 0.55
[[   0  109 1382]
 [   0 1469    0]
 [   0    0 1557]]
Test Acc: 0.67, 0.98, 0.69, Test F1: 0.55
[[   0  109 1382]
 [   0 1469    0]
 [   0    0 1557]]
Test Acc: 0.80, 0.97, 0.83, Test F1: 0.79
[[1491    0    0]
 [ 149 1320    0]
 [ 763    0  794]]
Test Acc: 0.80, 0.97, 0.83, Test F1: 0.79
[[1491    0    0]
 [ 149 1320    0]
 [ 763    0  794]]
Test Acc: 0.67, 0.87, 0.80, Test F1: 0.54
[[   0  598  893]
 [   0 1469    0]
 [   0    0 1557]]
Test Acc: 0.67, 0.87, 0.80, Test F1: 0.54
[[   0  598  893]
 [   0 1469    0]
 [   0    0 1557]]
Test Acc: 0.64, 0.90, 0.74, Test F1: 0.61
[[1491    0    0]
 [ 455 1014    0]
 [1175    0  382]]
Test Acc: 0.64, 0.90, 0.74, Test F1: 0.61
[[1491    0    0]
 [ 455 1014    0]
 [1175    0  382]]
Test Acc: 0.49, 0.80, 0.69, Test F1: 0.43
[[1491    0    0]
 [ 885  584    0]
 [1421    0  136]]
Test Acc: 0.49, 0.80, 0.69, Test F1: 0.43
[[1491    0    0]
 [ 885  584    0]
 [1421    0  136]]
Test Acc: 0.49, 0.83, 0.66, Test F1: 0.40
[[1452   39    0]
 [ 725  744    0]
 [1557    0    0]]
Test Acc: 0.49, 0.83, 0.66, Test F1: 0.40
[[1452   39    0]
 [ 725  744    0]
 [1557    0    0]]
Test Acc: 0.59, 0.67, 0.93, Test F1: 0.51
[[1434   57    0]
 [1452   17    0]
 [ 337    0 1220]]
Test Acc: 0.59, 0.67, 0.93, Test F1: 0.51
[[1434   57    0]
 [1452   17    0]
 [ 337    0 1220]]
Test Acc: 0.60, 0.66, 0.94, Test F1: 0.56
[[1167  279   45]
 [1273  196    0]
 [ 227    0 1330]]
Test Acc: 0.60, 0.66, 0.94, Test F1: 0.56
[[1167  279   45]
 [1273  196    0]
 [ 227    0 1330]]
Test Acc: 0.62, 0.67, 0.95, Test F1: 0.53
[[1444   32   15]
 [1469    0    0]
 [ 192    0 1365]]
Test Acc: 0.62, 0.67, 0.95, Test F1: 0.53
[[1444   32   15]
 [1469    0    0]
 [ 192    0 1365]]
Test Acc: 0.62, 0.67, 0.95, Test F1: 0.57
[[1343  148    0]
 [1333  136    0]
 [ 242    0 1315]]
Test Acc: 0.62, 0.67, 0.95, Test F1: 0.57
[[1343  148    0]
 [1333  136    0]
 [ 242    0 1315]]
Test Acc: 0.33, 0.67, 0.66, Test F1: 0.16
[[1491    0    0]
 [1469    0    0]
 [1557    0    0]]
Test Acc: 0.33, 0.67, 0.66, Test F1: 0.16
[[1491    0    0]
 [1469    0    0]
 [1557    0    0]]
Test Acc: 0.33, 0.67, 0.66, Test F1: 0.16
[[1491    0    0]
 [1469    0    0]
 [1557    0    0]]
Test Acc: 0.33, 0.67, 0.66, Test F1: 0.16
[[1491    0    0]
 [1469    0    0]
 [1557    0    0]]
Test Acc: 0.60, 0.88, 0.66, Test F1: 0.48
[[1232  259    0]
 [   0 1469    0]
 [1266  290    1]]
Test Acc: 0.60, 0.88, 0.66, Test F1: 0.48
[[1232  259    0]
 [   0 1469    0]
 [1266  290    1]]
Test Acc: 0.68, 0.89, 0.72, Test F1: 0.61
[[1313  178    0]
 [   0 1469    0]
 [ 945  328  284]]
Test Acc: 0.68, 0.89, 0.72, Test F1: 0.61
[[1313  178    0]
 [   0 1469    0]
 [ 945  328  284]]
Test Acc: 0.79, 0.91, 0.84, Test F1: 0.79
[[1491    0    0]
 [ 222 1247    0]
 [ 538  175  844]]
Test Acc: 0.79, 0.91, 0.84, Test F1: 0.79
[[1491    0    0]
 [ 222 1247    0]
 [ 538  175  844]]
Test Acc: 0.61, 0.71, 0.86, Test F1: 0.58
[[ 312 1081   98]
 [  26 1436    7]
 [ 327  211 1019]]
Test Acc: 0.61, 0.71, 0.86, Test F1: 0.58
[[ 312 1081   98]
 [  26 1436    7]
 [ 327  211 1019]]
Test Acc: 0.51, 0.81, 0.66, Test F1: 0.41
[[1185  306    0]
 [ 363 1106    0]
 [1379  178    0]]
Test Acc: 0.51, 0.81, 0.66, Test F1: 0.41
[[1185  306    0]
 [ 363 1106    0]
 [1379  178    0]]
Test Acc: 0.34, 0.67, 0.34, Test F1: 0.18
[[   0    0 1491]
 [   0    0 1469]
 [   0    0 1557]]
Test Acc: 0.34, 0.67, 0.34, Test F1: 0.18
[[   0    0 1491]
 [   0    0 1469]
 [   0    0 1557]]
Test Acc: 0.34, 0.67, 0.34, Test F1: 0.18
[[   0    0 1491]
 [   0    0 1469]
 [   0    0 1557]]
Test Acc: 0.34, 0.67, 0.34, Test F1: 0.18
[[   0    0 1491]
 [   0    0 1469]
 [   0    0 1557]]
Test Acc: 0.34, 0.67, 0.34, Test F1: 0.18
[[   0    0 1491]
 [   0    0 1469]
 [   0    0 1557]]
Test Acc: 0.34, 0.67, 0.34, Test F1: 0.18
[[   0    0 1491]
 [   0    0 1469]
 [   0    0 1557]]
Test Acc: 0.34, 0.67, 0.34, Test F1: 0.18
[[   0    0 1491]
 [   0    0 1469]
 [   0    0 1557]]
Test Acc: 0.34, 0.67, 0.34, Test F1: 0.18
[[   0    0 1491]
 [   0    0 1469]
 [   0    0 1557]]
Test Acc: 0.34, 0.67, 0.34, Test F1: 0.18
[[   0    0 1491]
 [   0    0 1469]
 [   0    0 1557]]
Test Acc: 0.34, 0.67, 0.34, Test F1: 0.18
[[   0    0 1491]
 [   0    0 1469]
 [   0    0 1557]]
Test Acc: 0.34, 0.67, 0.34, Test F1: 0.18
[[   0    0 1491]
 [   0    0 1469]
 [   0    0 1557]]
Test Acc: 0.34, 0.67, 0.34, Test F1: 0.18
[[   0    0 1491]
 [   0    0 1469]
 [   0    0 1557]]
Test Acc: 0.91, 0.95, 0.95, Test F1: 0.91
[[1318    0  173]
 [ 173 1228   68]
 [   1    0 1556]]
Test Acc: 0.91, 0.95, 0.95, Test F1: 0.91
[[1318    0  173]
 [ 173 1228   68]
 [   1    0 1556]]
Test Acc: 0.94, 0.95, 0.99, Test F1: 0.94
[[1491    0    0]
 [ 200 1255   14]
 [  42    0 1515]]
Test Acc: 0.94, 0.95, 0.99, Test F1: 0.94
[[1491    0    0]
 [ 200 1255   14]
 [  42    0 1515]]
Test Acc: 0.92, 0.93, 0.98, Test F1: 0.92
[[1490    0    1]
 [ 281 1147   41]
 [  51    0 1506]]
Test Acc: 0.92, 0.93, 0.98, Test F1: 0.92
[[1490    0    1]
 [ 281 1147   41]
 [  51    0 1506]]
Test Acc: 0.45, 0.78, 0.67, Test F1: 0.36
[[ 547  944    0]
 [  41 1428    0]
 [1511    0   46]]
Test Acc: 0.45, 0.78, 0.67, Test F1: 0.36
[[ 547  944    0]
 [  41 1428    0]
 [1511    0   46]]
Test Acc: 0.51, 0.86, 0.66, Test F1: 0.42
[[1491    0    0]
 [ 653  816    0]
 [1554    0    3]]
Test Acc: 0.51, 0.86, 0.66, Test F1: 0.42
[[1491    0    0]
 [ 653  816    0]
 [1554    0    3]]
Test Acc: 0.51, 0.86, 0.66, Test F1: 0.42
[[1491    0    0]
 [ 653  816    0]
 [1557    0    0]]
Test Acc: 0.51, 0.86, 0.66, Test F1: 0.42
[[1491    0    0]
 [ 653  816    0]
 [1557    0    0]]
Test Acc: 0.55, 0.89, 0.66, Test F1: 0.46
[[1378  113    0]
 [ 368 1101    0]
 [1557    0    0]]
Test Acc: 0.55, 0.89, 0.66, Test F1: 0.46
[[1378  113    0]
 [ 368 1101    0]
 [1557    0    0]]
Test Acc: 0.34, 0.67, 0.34, Test F1: 0.18
[[   0    0 1491]
 [   0    0 1469]
 [   0    0 1557]]
Test Acc: 0.34, 0.67, 0.34, Test F1: 0.18
[[   0    0 1491]
 [   0    0 1469]
 [   0    0 1557]]
Test Acc: 0.34, 0.67, 0.34, Test F1: 0.18
[[   0    0 1491]
 [   0    0 1469]
 [   0    0 1557]]
Test Acc: 0.34, 0.67, 0.34, Test F1: 0.18
[[   0    0 1491]
 [   0    0 1469]
 [   0    0 1557]]
Test Acc: 0.33, 0.33, 0.66, Test F1: 0.16
[[   0 1491    0]
 [   0 1469    0]
 [   0 1557    0]]
Test Acc: 0.33, 0.33, 0.66, Test F1: 0.16
[[   0 1491    0]
 [   0 1469    0]
 [   0 1557    0]]
Test Acc: 0.34, 0.67, 0.34, Test F1: 0.18
[[   0    0 1491]
 [   0    0 1469]
 [   0    0 1557]]
Test Acc: 0.34, 0.67, 0.34, Test F1: 0.18
[[   0    0 1491]
 [   0    0 1469]
 [   0    0 1557]]
Test Acc: 0.33, 0.33, 0.66, Test F1: 0.16
[[   0 1491    0]
 [   0 1469    0]
 [   0 1557    0]]
Test Acc: 0.33, 0.33, 0.66, Test F1: 0.16
[[   0 1491    0]
 [   0 1469    0]
 [   0 1557    0]]
Test Acc: 0.34, 0.67, 0.34, Test F1: 0.18
[[   0    0 1491]
 [   1    0 1468]
 [   0    0 1557]]
Test Acc: 0.34, 0.67, 0.34, Test F1: 0.18
[[   0    0 1491]
 [   1    0 1468]
 [   0    0 1557]]
Test Acc: 0.33, 0.33, 0.66, Test F1: 0.16
[[   0 1491    0]
 [   0 1469    0]
 [   0 1557    0]]
Test Acc: 0.33, 0.33, 0.66, Test F1: 0.16
[[   0 1491    0]
 [   0 1469    0]
 [   0 1557    0]]
Test Acc: 0.34, 0.67, 0.34, Test F1: 0.18
[[   0    0 1491]
 [   1    0 1468]
 [   0    0 1557]]
Test Acc: 0.34, 0.67, 0.34, Test F1: 0.18
[[   0    0 1491]
 [   1    0 1468]
 [   0    0 1557]]
Test Acc: 0.33, 0.33, 0.66, Test F1: 0.16
[[   0 1491    0]
 [   0 1469    0]
 [   0 1557    0]]
Test Acc: 0.33, 0.33, 0.66, Test F1: 0.16
[[   0 1491    0]
 [   0 1469    0]
 [   0 1557    0]]
Test Acc: 0.33, 0.67, 0.57, Test F1: 0.23
[[1252    0  239]
 [1091    0  378]
 [1311    0  246]]
Test Acc: 0.33, 0.67, 0.57, Test F1: 0.23
[[1252    0  239]
 [1091    0  378]
 [1311    0  246]]
Test Acc: 0.34, 0.67, 0.34, Test F1: 0.18
[[   0    0 1491]
 [   1    0 1468]
 [   0    0 1557]]
Test Acc: 0.34, 0.67, 0.34, Test F1: 0.18
[[   0    0 1491]
 [   1    0 1468]
 [   0    0 1557]]
Test Acc: 0.34, 0.67, 0.34, Test F1: 0.18
[[   0    0 1491]
 [   0    0 1469]
 [   0    0 1557]]
Test Acc: 0.34, 0.67, 0.34, Test F1: 0.18
[[   0    0 1491]
 [   0    0 1469]
 [   0    0 1557]]
Test Acc: 0.34, 0.67, 0.34, Test F1: 0.18
[[   4    0 1487]
 [   3    0 1466]
 [  13    0 1544]]
Test Acc: 0.34, 0.67, 0.34, Test F1: 0.18
[[   4    0 1487]
 [   3    0 1466]
 [  13    0 1544]]
Test Acc: 0.32, 0.32, 0.65, Test F1: 0.16
[[   0 1474   17]
 [   0 1444   25]
 [   0 1557    0]]
Test Acc: 0.32, 0.32, 0.65, Test F1: 0.16
[[   0 1474   17]
 [   0 1444   25]
 [   0 1557    0]]
Test Acc: 0.34, 0.67, 0.34, Test F1: 0.18
[[   0    0 1491]
 [   0    0 1469]
 [   0    0 1557]]
Test Acc: 0.34, 0.67, 0.34, Test F1: 0.18
[[   0    0 1491]
 [   0    0 1469]
 [   0    0 1557]]
Test Acc: 0.34, 0.67, 0.34, Test F1: 0.18
[[   0    0 1491]
 [   0    0 1469]
 [   0    0 1557]]
Test Acc: 0.34, 0.67, 0.34, Test F1: 0.18
[[   0    0 1491]
 [   0    0 1469]
 [   0    0 1557]]
Test Acc: 0.87, 1.00, 0.87, Test F1: 0.87
[[1491    0    0]
 [   0 1469    0]
 [ 566   19  972]]
Test Acc: 0.87, 1.00, 0.87, Test F1: 0.87
[[1491    0    0]
 [   0 1469    0]
 [ 566   19  972]]
Test Acc: 0.67, 1.00, 0.67, Test F1: 0.57
[[1477   14    0]
 [   0 1469    0]
 [1492    0   65]]
Test Acc: 0.67, 1.00, 0.67, Test F1: 0.57
[[1477   14    0]
 [   0 1469    0]
 [1492    0   65]]
Test Acc: 0.65, 1.00, 0.66, Test F1: 0.54
[[1491    0    0]
 [  15 1454    0]
 [1557    0    0]]
Test Acc: 0.65, 1.00, 0.66, Test F1: 0.54
[[1491    0    0]
 [  15 1454    0]
 [1557    0    0]]
Test Acc: 0.60, 0.93, 0.67, Test F1: 0.50
[[1179  312    0]
 [   0 1469    0]
 [1500    0   57]]
Test Acc: 0.60, 0.93, 0.67, Test F1: 0.50
[[1179  312    0]
 [   0 1469    0]
 [1500    0   57]]
Test Acc: 0.63, 0.98, 0.66, Test F1: 0.53
[[1491    0    0]
 [  96 1373    0]
 [1557    0    0]]
Test Acc: 0.63, 0.98, 0.66, Test F1: 0.53
[[1491    0    0]
 [  96 1373    0]
 [1557    0    0]]
Test Acc: 0.62, 0.97, 0.66, Test F1: 0.51
[[1366  125    0]
 [  24 1445    0]
 [1557    0    0]]
Test Acc: 0.62, 0.97, 0.66, Test F1: 0.51
[[1366  125    0]
 [  24 1445    0]
 [1557    0    0]]
Test Acc: 0.33, 0.67, 0.66, Test F1: 0.16
[[1491    0    0]
 [1469    0    0]
 [1557    0    0]]
Test Acc: 0.33, 0.67, 0.66, Test F1: 0.16
[[1491    0    0]
 [1469    0    0]
 [1557    0    0]]
Test Acc: 0.59, 0.67, 0.90, Test F1: 0.50
[[1491    0    0]
 [1394    0   75]
 [ 383    0 1174]]
Test Acc: 0.59, 0.67, 0.90, Test F1: 0.50
[[1491    0    0]
 [1394    0   75]
 [ 383    0 1174]]
Test Acc: 0.53, 0.67, 0.85, Test F1: 0.45
[[1491    0    0]
 [1460    0    9]
 [ 655    0  902]]
Test Acc: 0.53, 0.67, 0.85, Test F1: 0.45
[[1491    0    0]
 [1460    0    9]
 [ 655    0  902]]
Test Acc: 0.62, 0.67, 0.86, Test F1: 0.51
[[1491    0    0]
 [1091    0  378]
 [ 251    0 1306]]
Test Acc: 0.62, 0.67, 0.86, Test F1: 0.51
[[1491    0    0]
 [1091    0  378]
 [ 251    0 1306]]
Test Acc: 0.64, 0.67, 0.92, Test F1: 0.53
[[1491    0    0]
 [1279    0  190]
 [ 175    0 1382]]
Test Acc: 0.64, 0.67, 0.92, Test F1: 0.53
[[1491    0    0]
 [1279    0  190]
 [ 175    0 1382]]
Test Acc: 0.44, 0.67, 0.76, Test F1: 0.34
[[1490    1    0]
 [1469    0    0]
 [1081    0  476]]
Test Acc: 0.44, 0.67, 0.76, Test F1: 0.34
[[1490    1    0]
 [1469    0    0]
 [1081    0  476]]
Test Acc: 0.63, 0.95, 0.66, Test F1: 0.51
[[1362  129    0]
 [   0 1469    0]
 [1471   86    0]]
Test Acc: 0.63, 0.95, 0.66, Test F1: 0.51
[[1362  129    0]
 [   0 1469    0]
 [1471   86    0]]
Test Acc: 0.33, 0.33, 0.66, Test F1: 0.16
[[   1 1490    0]
 [   0 1469    0]
 [  21 1536    0]]
Test Acc: 0.33, 0.33, 0.66, Test F1: 0.16
[[   1 1490    0]
 [   0 1469    0]
 [  21 1536    0]]
Test Acc: 0.33, 0.33, 0.66, Test F1: 0.16
[[   0 1491    0]
 [   0 1469    0]
 [   0 1557    0]]
Test Acc: 0.33, 0.33, 0.66, Test F1: 0.16
[[   0 1491    0]
 [   0 1469    0]
 [   0 1557    0]]
Test Acc: 0.33, 0.67, 0.66, Test F1: 0.16
[[1491    0    0]
 [1469    0    0]
 [1557    0    0]]
Test Acc: 0.33, 0.67, 0.66, Test F1: 0.16
[[1491    0    0]
 [1469    0    0]
 [1557    0    0]]
Test Acc: 0.33, 0.67, 0.66, Test F1: 0.16
[[1491    0    0]
 [1469    0    0]
 [1557    0    0]]
Test Acc: 0.33, 0.67, 0.66, Test F1: 0.16
[[1491    0    0]
 [1469    0    0]
 [1557    0    0]]
Test Acc: 0.33, 0.67, 0.66, Test F1: 0.16
[[1491    0    0]
 [1469    0    0]
 [1557    0    0]]
Test Acc: 0.33, 0.67, 0.66, Test F1: 0.16
[[1491    0    0]
 [1469    0    0]
 [1557    0    0]]
Test Acc: 0.33, 0.67, 0.66, Test F1: 0.16
[[1490    0    1]
 [1469    0    0]
 [1557    0    0]]
Test Acc: 0.33, 0.67, 0.66, Test F1: 0.16
[[1490    0    1]
 [1469    0    0]
 [1557    0    0]]
Test Acc: 0.60, 0.93, 0.60, Test F1: 0.50
[[   1    0 1490]
 [   0 1469    0]
 [   0  299 1258]]
Test Acc: 0.60, 0.93, 0.60, Test F1: 0.50
[[   1    0 1490]
 [   0 1469    0]
 [   0  299 1258]]
Test Acc: 0.54, 0.87, 0.54, Test F1: 0.44
[[   0    0 1491]
 [   0 1469    0]
 [   0  590  967]]
Test Acc: 0.54, 0.87, 0.54, Test F1: 0.44
[[   0    0 1491]
 [   0 1469    0]
 [   0  590  967]]
Test Acc: 0.38, 0.64, 0.46, Test F1: 0.27
[[   0  317 1174]
 [   0 1469    0]
 [   0 1287  270]]
Test Acc: 0.38, 0.64, 0.46, Test F1: 0.27
[[   0  317 1174]
 [   0 1469    0]
 [   0 1287  270]]
Test Acc: 0.36, 0.60, 0.45, Test F1: 0.24
[[   0  403 1088]
 [   0 1469    0]
 [   0 1396  161]]
Test Acc: 0.36, 0.60, 0.45, Test F1: 0.24
[[   0  403 1088]
 [   0 1469    0]
 [   0 1396  161]]
Test Acc: 0.34, 0.67, 0.34, Test F1: 0.18
[[   0    0 1491]
 [   0    0 1469]
 [   0    0 1557]]
Test Acc: 0.34, 0.67, 0.34, Test F1: 0.18
[[   0    0 1491]
 [   0    0 1469]
 [   0    0 1557]]
Test Acc: 0.34, 0.67, 0.34, Test F1: 0.18
[[   0    0 1491]
 [   0    0 1469]
 [   0    0 1557]]
Test Acc: 0.34, 0.67, 0.34, Test F1: 0.18
[[   0    0 1491]
 [   0    0 1469]
 [   0    0 1557]]
Test Acc: 0.34, 0.67, 0.34, Test F1: 0.18
[[   0    0 1491]
 [   0    0 1469]
 [   0    0 1557]]
Test Acc: 0.34, 0.67, 0.34, Test F1: 0.18
[[   0    0 1491]
 [   0    0 1469]
 [   0    0 1557]]
Test Acc: 0.34, 0.67, 0.34, Test F1: 0.18
[[   0    0 1491]
 [   0    0 1469]
 [   0    0 1557]]
Test Acc: 0.34, 0.67, 0.34, Test F1: 0.18
[[   0    0 1491]
 [   0    0 1469]
 [   0    0 1557]]
Test Acc: 0.34, 0.67, 0.34, Test F1: 0.18
[[   0    0 1491]
 [   0    0 1469]
 [   0    0 1557]]
Test Acc: 0.34, 0.67, 0.34, Test F1: 0.18
[[   0    0 1491]
 [   0    0 1469]
 [   0    0 1557]]
Test Acc: 0.34, 0.67, 0.34, Test F1: 0.18
Test Acc: 0.34, 0.67, 0.34, Test F1: 0.18
[[   0    0 1491]
 [   0    0 1469]
 [   0    0 1557]]
[[   0    0 1491]
 [   0    0 1469]
 [   0    0 1557]]
Test Acc: 0.34, 0.67, 0.34, Test F1: 0.18
[[   0    0 1491]
 [   0    0 1469]
 [   0    0 1557]]
Test Acc: 0.34, 0.67, 0.34, Test F1: 0.18
[[   0    0 1491]
 [   0    0 1469]
 [   0    0 1557]]
Test Acc: 0.34, 0.67, 0.34, Test F1: 0.18
[[   0    0 1491]
 [   0    0 1469]
 [   0    0 1557]]
Test Acc: 0.34, 0.67, 0.34, Test F1: 0.18
[[   0    0 1491]
 [   0    0 1469]
 [   0    0 1557]]
Test Acc: 0.34, 0.67, 0.34, Test F1: 0.18
[[   0    0 1491]
 [   0    0 1469]
 [   0    0 1557]]
Test Acc: 0.34, 0.67, 0.34, Test F1: 0.18
[[   0    0 1491]
 [   0    0 1469]
 [   0    0 1557]]
Test Acc: 0.34, 0.67, 0.34, Test F1: 0.18
[[   0    0 1491]
 [   0    0 1469]
 [   0    0 1557]]
Test Acc: 0.34, 0.67, 0.34, Test F1: 0.18
[[   0    0 1491]
 [   0    0 1469]
 [   0    0 1557]]
Test Acc: 0.34, 0.67, 0.34, Test F1: 0.18
[[   0    0 1491]
 [   0    0 1469]
 [   0    0 1557]]
Test Acc: 0.34, 0.67, 0.34, Test F1: 0.18
[[   0    0 1491]
 [   0    0 1469]
 [   0    0 1557]]
Test Acc: 0.34, 0.67, 0.34, Test F1: 0.18
[[   0    0 1491]
 [   0    0 1469]
 [   0    0 1557]]
Test Acc: 0.34, 0.67, 0.34, Test F1: 0.18
[[   0    0 1491]
 [   0    0 1469]
 [   0    0 1557]]
Test Acc: 0.34, 0.67, 0.34, Test F1: 0.18
[[   0    0 1491]
 [   0    0 1469]
 [   0    0 1557]]
Test Acc: 0.34, 0.67, 0.34, Test F1: 0.18
[[   0    0 1491]
 [   0    0 1469]
 [   0    0 1557]]
Test Acc: 0.34, 0.67, 0.34, Test F1: 0.18
[[   0    0 1491]
 [   0    0 1469]
 [   0    0 1557]]
Test Acc: 0.34, 0.67, 0.34, Test F1: 0.18
[[   0    0 1491]
 [   0    0 1469]
 [   0    0 1557]]
Test Acc: 0.34, 0.67, 0.34, Test F1: 0.18
[[   0    0 1491]
 [   0    0 1469]
 [   0    0 1557]]
Test Acc: 0.34, 0.67, 0.34, Test F1: 0.18
[[   0    0 1491]
 [   0    0 1469]
 [   0    0 1557]]
Test Acc: 0.34, 0.67, 0.34, Test F1: 0.18
[[   0    0 1491]
 [   0    0 1469]
 [   0    0 1557]]
Test Acc: 0.34, 0.67, 0.34, Test F1: 0.18
[[   0    0 1491]
 [   0    0 1469]
 [   0    0 1557]]
Test Acc: 0.34, 0.67, 0.34, Test F1: 0.18
[[   0    0 1491]
 [   0    0 1469]
 [   0    0 1557]]
Test Acc: 0.34, 0.67, 0.34, Test F1: 0.18
[[   0    0 1491]
 [   0    0 1469]
 [   0    0 1557]]
Test Acc: 0.34, 0.67, 0.34, Test F1: 0.18
[[   0    0 1491]
 [   0    0 1469]
 [   0    0 1557]]
Test Acc: 0.34, 0.67, 0.34, Test F1: 0.18
[[   0    0 1491]
 [   0    0 1469]
 [   0    0 1557]]
Test Acc: 0.34, 0.67, 0.34, Test F1: 0.18
[[   0    0 1491]
 [   0    0 1469]
 [   0    0 1557]]
Test Acc: 0.34, 0.67, 0.34, Test F1: 0.18
[[   0    0 1491]
 [   0    0 1469]
 [   0    0 1557]]
Test Acc: 0.33, 0.67, 0.66, Test F1: 0.16
[[1491    0    0]
 [1469    0    0]
 [1557    0    0]]
Test Acc: 0.33, 0.67, 0.66, Test F1: 0.16
[[1491    0    0]
 [1469    0    0]
 [1557    0    0]]
Test Acc: 0.33, 0.67, 0.66, Test F1: 0.16
[[1491    0    0]
 [1469    0    0]
 [1557    0    0]]
Test Acc: 0.33, 0.67, 0.66, Test F1: 0.16
[[1491    0    0]
 [1469    0    0]
 [1557    0    0]]
Test Acc: 1.00, 1.00, 1.00, Test F1: 1.00
[[1491    0    0]
 [   1 1468    0]
 [  21    0 1536]]
Test Acc: 1.00, 1.00, 1.00, Test F1: 1.00
[[1491    0    0]
 [   1 1468    0]
 [  21    0 1536]]
Test Acc: 0.99, 1.00, 0.99, Test F1: 0.99
[[1490    0    1]
 [   0 1469    0]
 [  44    0 1513]]
Test Acc: 0.99, 1.00, 0.99, Test F1: 0.99
[[1490    0    1]
 [   0 1469    0]
 [  44    0 1513]]
Test Acc: 1.00, 1.00, 1.00, Test F1: 1.00
[[1491    0    0]
 [   0 1469    0]
 [   6    0 1551]]
Test Acc: 1.00, 1.00, 1.00, Test F1: 1.00
[[1491    0    0]
 [   0 1469    0]
 [   6    0 1551]]
Test Acc: 0.88, 0.91, 0.97, Test F1: 0.88
[[ 986  400  105]
 [   0 1469    0]
 [  16    0 1541]]
Test Acc: 0.88, 0.91, 0.97, Test F1: 0.88
[[ 986  400  105]
 [   0 1469    0]
 [  16    0 1541]]
Test Acc: 0.89, 0.92, 0.96, Test F1: 0.88
[[1076  354   61]
 [   0 1469    0]
 [ 104    0 1453]]
Test Acc: 0.89, 0.92, 0.96, Test F1: 0.88
[[1076  354   61]
 [   0 1469    0]
 [ 104    0 1453]]
Test Acc: 0.64, 0.99, 0.66, Test F1: 0.53
[[1451   40    0]
 [  23 1446    0]
 [1556    1    0]]
Test Acc: 0.64, 0.99, 0.66, Test F1: 0.53
[[1451   40    0]
 [  23 1446    0]
 [1556    1    0]]
Test Acc: 0.34, 0.67, 0.34, Test F1: 0.18
[[   0    0 1491]
 [   0    0 1469]
 [   1    0 1556]]
Test Acc: 0.34, 0.67, 0.34, Test F1: 0.18
[[   0    0 1491]
 [   0    0 1469]
 [   1    0 1556]]
Test Acc: 0.34, 0.67, 0.34, Test F1: 0.18
[[   0    0 1491]
 [   0    0 1469]
 [   0    0 1557]]
Test Acc: 0.34, 0.67, 0.34, Test F1: 0.18
[[   0    0 1491]
 [   0    0 1469]
 [   0    0 1557]]
Test Acc: 0.34, 0.67, 0.34, Test F1: 0.18
[[   0    0 1491]
 [   0    0 1469]
 [   0    0 1557]]
Test Acc: 0.34, 0.67, 0.34, Test F1: 0.18
[[   0    0 1491]
 [   0    0 1469]
 [   0    0 1557]]
Test Acc: 0.34, 0.67, 0.34, Test F1: 0.18
[[   0    0 1491]
 [   0    0 1469]
 [   0    0 1557]]
Test Acc: 0.34, 0.67, 0.34, Test F1: 0.18
[[   0    0 1491]
 [   0    0 1469]
 [   0    0 1557]]
Test Acc: 0.34, 0.67, 0.34, Test F1: 0.18
[[   0    0 1491]
 [   0    0 1469]
 [   1    0 1556]]
Test Acc: 0.34, 0.67, 0.34, Test F1: 0.18
[[   0    0 1491]
 [   0    0 1469]
 [   1    0 1556]]
Test Acc: 0.34, 0.67, 0.34, Test F1: 0.18
[[   0    0 1491]
 [   0    0 1469]
 [   0    0 1557]]
Test Acc: 0.34, 0.67, 0.34, Test F1: 0.18
[[   0    0 1491]
 [   0    0 1469]
 [   0    0 1557]]
Test Acc: 0.34, 0.67, 0.34, Test F1: 0.18
[[   0    0 1491]
 [   0    0 1469]
 [   2    0 1555]]
Test Acc: 0.34, 0.67, 0.34, Test F1: 0.18
[[   0    0 1491]
 [   0    0 1469]
 [   2    0 1555]]
Test Acc: 0.34, 0.67, 0.34, Test F1: 0.18
[[   0    0 1491]
 [   0    0 1469]
 [   2    0 1555]]
Test Acc: 0.34, 0.67, 0.34, Test F1: 0.18
[[   0    0 1491]
 [   0    0 1469]
 [   2    0 1555]]
Test Acc: 0.34, 0.67, 0.34, Test F1: 0.18
[[   0    0 1491]
 [   0    0 1469]
 [   2    0 1555]]
Test Acc: 0.34, 0.67, 0.34, Test F1: 0.18
[[   0    0 1491]
 [   0    0 1469]
 [   2    0 1555]]
Test Acc: 0.34, 0.67, 0.34, Test F1: 0.18
[[   0    0 1491]
 [   0    0 1469]
 [   2    0 1555]]
Test Acc: 0.34, 0.67, 0.34, Test F1: 0.18
[[   0    0 1491]
 [   0    0 1469]
 [   2    0 1555]]
Test Acc: 0.33, 0.67, 0.66, Test F1: 0.16
[[1491    0    0]
 [1469    0    0]
 [1557    0    0]]
Test Acc: 0.33, 0.67, 0.66, Test F1: 0.16
[[1491    0    0]
 [1469    0    0]
 [1557    0    0]]
Test Acc: 0.33, 0.67, 0.66, Test F1: 0.16
[[1491    0    0]
 [1469    0    0]
 [1555    2    0]]
Test Acc: 0.33, 0.67, 0.66, Test F1: 0.16
[[1491    0    0]
 [1469    0    0]
 [1555    2    0]]
Test Acc: 0.33, 0.67, 0.66, Test F1: 0.16
[[1491    0    0]
 [1469    0    0]
 [1557    0    0]]
Test Acc: 0.33, 0.67, 0.66, Test F1: 0.16
[[1491    0    0]
 [1469    0    0]
 [1557    0    0]]
Test Acc: 0.36, 0.67, 0.39, Test F1: 0.25
[[1490    0    1]
 [ 128    0 1341]
 [1399    0  158]]
Test Acc: 0.36, 0.67, 0.39, Test F1: 0.25
[[1490    0    1]
 [ 128    0 1341]
 [1399    0  158]]
Test Acc: 0.42, 0.68, 0.42, Test F1: 0.31
[[ 277    0 1214]
 [   0   45 1424]
 [   0    0 1557]]
Test Acc: 0.42, 0.68, 0.42, Test F1: 0.31
[[ 277    0 1214]
 [   0   45 1424]
 [   0    0 1557]]
Test Acc: 0.33, 0.67, 0.66, Test F1: 0.16
[[1491    0    0]
 [1469    0    0]
 [1557    0    0]]
Test Acc: 0.33, 0.67, 0.66, Test F1: 0.16
[[1491    0    0]
 [1469    0    0]
 [1557    0    0]]
Test Acc: 0.66, 0.99, 0.66, Test F1: 0.55
[[   0    0 1491]
 [   0 1469    0]
 [   0   28 1529]]
Test Acc: 0.66, 0.99, 0.66, Test F1: 0.55
[[   0    0 1491]
 [   0 1469    0]
 [   0   28 1529]]
Test Acc: 0.60, 0.92, 0.60, Test F1: 0.49
[[   0   23 1468]
 [   0 1469    0]
 [   0  331 1226]]
Test Acc: 0.60, 0.92, 0.60, Test F1: 0.49
[[   0   23 1468]
 [   0 1469    0]
 [   0  331 1226]]
Test Acc: 0.49, 0.79, 0.52, Test F1: 0.38
[[   0  138 1353]
 [   0 1469    0]
 [   0  825  732]]
Test Acc: 0.49, 0.79, 0.52, Test F1: 0.38
[[   0  138 1353]
 [   0 1469    0]
 [   0  825  732]]
Test Acc: 0.48, 0.78, 0.51, Test F1: 0.38
[[   0  149 1342]
 [   0 1469    0]
 [   0  860  697]]
Test Acc: 0.48, 0.78, 0.51, Test F1: 0.38
[[   0  149 1342]
 [   0 1469    0]
 [   0  860  697]]
Test Acc: 0.35, 0.68, 0.51, Test F1: 0.21
[[   5    2 1484]
 [ 726    9  734]
 [   1    2 1554]]
Test Acc: 0.35, 0.68, 0.51, Test F1: 0.21
[[   5    2 1484]
 [ 726    9  734]
 [   1    2 1554]]
Test Acc: 0.43, 0.75, 0.61, Test F1: 0.35
[[   6    2 1483]
 [ 816  360  293]
 [   1    2 1554]]
Test Acc: 0.43, 0.75, 0.61, Test F1: 0.35
[[   6    2 1483]
 [ 816  360  293]
 [   1    2 1554]]
Test Acc: 0.18, 0.51, 0.65, Test F1: 0.17
[[ 231 1260    0]
 [ 876  513   80]
 [1469   15   73]]
Test Acc: 0.18, 0.51, 0.65, Test F1: 0.17
[[ 231 1260    0]
 [ 876  513   80]
 [1469   15   73]]
Test Acc: 0.60, 0.67, 0.89, Test F1: 0.52
[[1076  130  285]
 [1207  101  161]
 [  31    0 1526]]
Test Acc: 0.60, 0.67, 0.89, Test F1: 0.52
[[1076  130  285]
 [1207  101  161]
 [  31    0 1526]]
Test Acc: 0.33, 0.67, 0.66, Test F1: 0.19
[[1408   81    2]
 [1391   67   11]
 [1543    1   13]]
Test Acc: 0.33, 0.67, 0.66, Test F1: 0.19
[[1408   81    2]
 [1391   67   11]
 [1543    1   13]]
Test Acc: 0.33, 0.67, 0.66, Test F1: 0.16
[[1491    0    0]
 [1469    0    0]
 [1557    0    0]]
Test Acc: 0.33, 0.67, 0.66, Test F1: 0.16
[[1491    0    0]
 [1469    0    0]
 [1557    0    0]]
Test Acc: 0.34, 0.67, 0.34, Test F1: 0.18
[[   0    0 1491]
 [   0    0 1469]
 [   0    0 1557]]
Test Acc: 0.34, 0.67, 0.34, Test F1: 0.18
[[   0    0 1491]
 [   0    0 1469]
 [   0    0 1557]]
Test Acc: 0.34, 0.67, 0.34, Test F1: 0.18
[[   0    0 1491]
 [   0    0 1469]
 [   0    0 1557]]
Test Acc: 0.34, 0.67, 0.34, Test F1: 0.18
[[   0    0 1491]
 [   0    0 1469]
 [   0    0 1557]]
Test Acc: 0.33, 0.33, 0.66, Test F1: 0.16
[[   0 1491    0]
 [   0 1469    0]
 [   0 1557    0]]
Test Acc: 0.33, 0.33, 0.66, Test F1: 0.16
[[   0 1491    0]
 [   0 1469    0]
 [   0 1557    0]]
Test Acc: 0.34, 0.67, 0.34, Test F1: 0.18
[[   0    0 1491]
 [   0    0 1469]
 [   0    0 1557]]
Test Acc: 0.34, 0.67, 0.34, Test F1: 0.18
[[   0    0 1491]
 [   0    0 1469]
 [   0    0 1557]]
Test Acc: 0.33, 0.33, 0.66, Test F1: 0.16
[[   0 1491    0]
 [   0 1469    0]
 [   0 1557    0]]
Test Acc: 0.33, 0.33, 0.66, Test F1: 0.16
[[   0 1491    0]
 [   0 1469    0]
 [   0 1557    0]]
Test Acc: 0.34, 0.67, 0.34, Test F1: 0.18
[[   0    0 1491]
 [   1    0 1468]
 [   0    0 1557]]
Test Acc: 0.34, 0.67, 0.34, Test F1: 0.18
[[   0    0 1491]
 [   1    0 1468]
 [   0    0 1557]]
Test Acc: 0.33, 0.33, 0.66, Test F1: 0.16
[[   0 1491    0]
 [   0 1469    0]
 [   0 1557    0]]
Test Acc: 0.33, 0.33, 0.66, Test F1: 0.16
[[   0 1491    0]
 [   0 1469    0]
 [   0 1557    0]]
Test Acc: 0.34, 0.67, 0.34, Test F1: 0.18
[[   0    0 1491]
 [   1    0 1468]
 [   0    0 1557]]
Test Acc: 0.34, 0.67, 0.34, Test F1: 0.18
[[   0    0 1491]
 [   1    0 1468]
 [   0    0 1557]]
Test Acc: 0.33, 0.33, 0.66, Test F1: 0.16
[[   0 1491    0]
 [   0 1469    0]
 [   0 1557    0]]
Test Acc: 0.33, 0.33, 0.66, Test F1: 0.16
[[   0 1491    0]
 [   0 1469    0]
 [   0 1557    0]]
Test Acc: 0.33, 0.67, 0.57, Test F1: 0.23
[[1252    0  239]
 [1091    0  378]
 [1311    0  246]]
Test Acc: 0.33, 0.67, 0.57, Test F1: 0.23
[[1252    0  239]
 [1091    0  378]
 [1311    0  246]]
Test Acc: 0.34, 0.67, 0.34, Test F1: 0.18
[[   0    0 1491]
 [   1    0 1468]
 [   0    0 1557]]
Test Acc: 0.34, 0.67, 0.34, Test F1: 0.18
[[   0    0 1491]
 [   1    0 1468]
 [   0    0 1557]]
Test Acc: 0.34, 0.67, 0.34, Test F1: 0.18
[[   0    0 1491]
 [   0    0 1469]
 [   0    0 1557]]
Test Acc: 0.34, 0.67, 0.34, Test F1: 0.18
[[   0    0 1491]
 [   0    0 1469]
 [   0    0 1557]]
Test Acc: 0.34, 0.67, 0.34, Test F1: 0.18
[[   4    0 1487]
 [   3    0 1466]
 [  13    0 1544]]
Test Acc: 0.34, 0.67, 0.34, Test F1: 0.18
[[   4    0 1487]
 [   3    0 1466]
 [  13    0 1544]]
Test Acc: 0.32, 0.32, 0.65, Test F1: 0.16
[[   0 1474   17]
 [   0 1444   25]
 [   0 1557    0]]
Test Acc: 0.32, 0.32, 0.65, Test F1: 0.16
[[   0 1474   17]
 [   0 1444   25]
 [   0 1557    0]]
Test Acc: 0.34, 0.67, 0.34, Test F1: 0.18
[[   0    0 1491]
 [   0    0 1469]
 [   0    0 1557]]
Test Acc: 0.34, 0.67, 0.34, Test F1: 0.18
[[   0    0 1491]
 [   0    0 1469]
 [   0    0 1557]]
Test Acc: 0.34, 0.67, 0.34, Test F1: 0.18
[[   0    0 1491]
 [   0    0 1469]
 [   0    0 1557]]
Test Acc: 0.34, 0.67, 0.34, Test F1: 0.18
[[   0    0 1491]
 [   0    0 1469]
 [   0    0 1557]]
Test Acc: 0.87, 1.00, 0.87, Test F1: 0.87
[[1491    0    0]
 [   0 1469    0]
 [ 566   19  972]]
Test Acc: 0.87, 1.00, 0.87, Test F1: 0.87
[[1491    0    0]
 [   0 1469    0]
 [ 566   19  972]]
Test Acc: 0.67, 1.00, 0.67, Test F1: 0.57
[[1477   14    0]
 [   0 1469    0]
 [1492    0   65]]
Test Acc: 0.67, 1.00, 0.67, Test F1: 0.57
[[1477   14    0]
 [   0 1469    0]
 [1492    0   65]]
Test Acc: 0.65, 1.00, 0.66, Test F1: 0.54
[[1491    0    0]
 [  15 1454    0]
 [1557    0    0]]
Test Acc: 0.65, 1.00, 0.66, Test F1: 0.54
[[1491    0    0]
 [  15 1454    0]
 [1557    0    0]]
Test Acc: 0.60, 0.93, 0.67, Test F1: 0.50
[[1179  312    0]
 [   0 1469    0]
 [1500    0   57]]
Test Acc: 0.60, 0.93, 0.67, Test F1: 0.50
[[1179  312    0]
 [   0 1469    0]
 [1500    0   57]]
Test Acc: 0.63, 0.98, 0.66, Test F1: 0.53
[[1491    0    0]
 [  96 1373    0]
 [1557    0    0]]
Test Acc: 0.63, 0.98, 0.66, Test F1: 0.53
[[1491    0    0]
 [  96 1373    0]
 [1557    0    0]]
Test Acc: 0.62, 0.97, 0.66, Test F1: 0.51
[[1366  125    0]
 [  24 1445    0]
 [1557    0    0]]
Test Acc: 0.62, 0.97, 0.66, Test F1: 0.51
[[1366  125    0]
 [  24 1445    0]
 [1557    0    0]]
Test Acc: 0.33, 0.67, 0.66, Test F1: 0.16
[[1491    0    0]
 [1469    0    0]
 [1557    0    0]]
Test Acc: 0.33, 0.67, 0.66, Test F1: 0.16
[[1491    0    0]
 [1469    0    0]
 [1557    0    0]]
Test Acc: 0.34, 0.67, 0.34, Test F1: 0.18
[[   0    0 1491]
 [   0    0 1469]
 [   0    0 1557]]
Test Acc: 0.34, 0.67, 0.34, Test F1: 0.18
[[   0    0 1491]
 [   0    0 1469]
 [   0    0 1557]]
Test Acc: 0.34, 0.67, 0.34, Test F1: 0.18
[[   0    0 1491]
 [   0    0 1469]
 [   0    0 1557]]
Test Acc: 0.34, 0.67, 0.34, Test F1: 0.18
[[   0    0 1491]
 [   0    0 1469]
 [   0    0 1557]]
Test Acc: 0.33, 0.33, 0.66, Test F1: 0.16
[[   0 1491    0]
 [   0 1469    0]
 [   0 1557    0]]
Test Acc: 0.33, 0.33, 0.66, Test F1: 0.16
[[   0 1491    0]
 [   0 1469    0]
 [   0 1557    0]]
Test Acc: 0.34, 0.67, 0.34, Test F1: 0.18
[[   0    0 1491]
 [   0    0 1469]
 [   0    0 1557]]
Test Acc: 0.34, 0.67, 0.34, Test F1: 0.18
[[   0    0 1491]
 [   0    0 1469]
 [   0    0 1557]]
Test Acc: 0.33, 0.33, 0.66, Test F1: 0.16
[[   0 1491    0]
 [   0 1469    0]
 [   0 1557    0]]
Test Acc: 0.33, 0.33, 0.66, Test F1: 0.16
[[   0 1491    0]
 [   0 1469    0]
 [   0 1557    0]]
Test Acc: 0.34, 0.67, 0.34, Test F1: 0.18
[[   0    0 1491]
 [   1    0 1468]
 [   0    0 1557]]
Test Acc: 0.34, 0.67, 0.34, Test F1: 0.18
[[   0    0 1491]
 [   1    0 1468]
 [   0    0 1557]]
Test Acc: 0.33, 0.33, 0.66, Test F1: 0.16
[[   0 1491    0]
 [   0 1469    0]
 [   0 1557    0]]
Test Acc: 0.33, 0.33, 0.66, Test F1: 0.16
[[   0 1491    0]
 [   0 1469    0]
 [   0 1557    0]]
Test Acc: 0.34, 0.67, 0.34, Test F1: 0.18
[[   0    0 1491]
 [   1    0 1468]
 [   0    0 1557]]
Test Acc: 0.34, 0.67, 0.34, Test F1: 0.18
[[   0    0 1491]
 [   1    0 1468]
 [   0    0 1557]]
Test Acc: 0.33, 0.33, 0.66, Test F1: 0.16
[[   0 1491    0]
 [   0 1469    0]
 [   0 1557    0]]
Test Acc: 0.33, 0.33, 0.66, Test F1: 0.16
[[   0 1491    0]
 [   0 1469    0]
 [   0 1557    0]]
Test Acc: 0.33, 0.67, 0.57, Test F1: 0.23
[[1252    0  239]
 [1091    0  378]
 [1311    0  246]]
Test Acc: 0.33, 0.67, 0.57, Test F1: 0.23
[[1252    0  239]
 [1091    0  378]
 [1311    0  246]]
Test Acc: 0.34, 0.67, 0.34, Test F1: 0.18
[[   0    0 1491]
 [   1    0 1468]
 [   0    0 1557]]
Test Acc: 0.34, 0.67, 0.34, Test F1: 0.18
[[   0    0 1491]
 [   1    0 1468]
 [   0    0 1557]]
Test Acc: 0.34, 0.67, 0.34, Test F1: 0.18
[[   0    0 1491]
 [   0    0 1469]
 [   0    0 1557]]
Test Acc: 0.34, 0.67, 0.34, Test F1: 0.18
[[   0    0 1491]
 [   0    0 1469]
 [   0    0 1557]]
Test Acc: 0.34, 0.67, 0.34, Test F1: 0.18
[[   4    0 1487]
 [   3    0 1466]
 [  13    0 1544]]
Test Acc: 0.34, 0.67, 0.34, Test F1: 0.18
[[   4    0 1487]
 [   3    0 1466]
 [  13    0 1544]]
Test Acc: 0.32, 0.32, 0.65, Test F1: 0.16
[[   0 1474   17]
 [   0 1444   25]
 [   0 1557    0]]
Test Acc: 0.32, 0.32, 0.65, Test F1: 0.16
[[   0 1474   17]
 [   0 1444   25]
 [   0 1557    0]]
Test Acc: 0.34, 0.67, 0.34, Test F1: 0.18
[[   0    0 1491]
 [   0    0 1469]
 [   0    0 1557]]
Test Acc: 0.34, 0.67, 0.34, Test F1: 0.18
[[   0    0 1491]
 [   0    0 1469]
 [   0    0 1557]]
Test Acc: 0.34, 0.67, 0.34, Test F1: 0.18
[[   0    0 1491]
 [   0    0 1469]
 [   0    0 1557]]
Test Acc: 0.34, 0.67, 0.34, Test F1: 0.18
[[   0    0 1491]
 [   0    0 1469]
 [   0    0 1557]]
