Test Acc: 0.95, 0.97, 0.97, Test F1: 0.95
[[239  15   6   5]
 [  0 157   2   0]
 [  0   3 288   0]
 [  2  13   3 326]]
Test Acc: 0.21, 0.49, 0.48, Test F1: 0.21
[[ 53  80 104  51]
 [ 48  60  42   7]
 [ 46  68  57  14]
 [ 92 134 142  54]]
Test Acc: 0.23, 0.50, 0.57, Test F1: 0.16
[[155   0  92  43]
 [323   0 117 115]
 [ 80   0  89  16]
 [ 11   0  13   2]]
Test Acc: 0.35, 0.50, 0.60, Test F1: 0.36
[[232 168  62  64]
 [ 32  31  17  24]
 [ 56  10  17  21]
 [172  19  42  82]]
Test Acc: 0.36, 0.60, 0.56, Test F1: 0.30
[[ 17 101   5 139]
 [ 26 158   1 105]
 [ 24  45   6  83]
 [ 19 124   4 192]]
Test Acc: 0.22, 0.54, 0.40, Test F1: 0.18
[[  2   8  89  58]
 [  8  19 202 218]
 [  0  24  60  21]
 [  2  32 157 149]]
Test Acc: 0.36, 0.53, 0.62, Test F1: 0.29
[[ 39   0   0  93]
 [128   3   0 130]
 [ 47   0   0 136]
 [134   1   0 341]]
Test Acc: 0.19, 0.50, 0.44, Test F1: 0.11
[[ 36 224   0   5]
 [ 24 159   0   0]
 [ 59 168   0   8]
 [ 92 267   0   9]]
Test Acc: 0.36, 0.53, 0.52, Test F1: 0.32
[[109   0  21 183]
 [ 35   0   8  61]
 [ 96   0  29 112]
 [133   0  22 239]]
Test Acc: 0.15, 0.56, 0.29, Test F1: 0.14
[[ 86   0  84  69]
 [ 83   8  84  61]
 [260   0  23   7]
 [164  24  55  46]]
Test Acc: 0.98, 0.99, 0.98, Test F1: 0.98
[[255   0   1   7]
 [  0 390   1   5]
 [  0   2 157   0]
 [  1   5   0 232]]
Test Acc: 0.19, 0.52, 0.38, Test F1: 0.21
[[ 15  58  24  35]
 [  4  40   2   6]
 [ 44 169  64  94]
 [ 93 280  52  78]]
Test Acc: 0.93, 0.94, 0.96, Test F1: 0.92
[[ 81  17  10  23]
 [  0 207   5   0]
 [  0   3 391   3]
 [  2   1  14 300]]
Test Acc: 0.83, 0.93, 0.88, Test F1: 0.83
[[224  37   0   0]
 [  0 289   0   0]
 [ 80  18 176  15]
 [  2  25   0 183]]
Test Acc: 0.88, 0.92, 0.90, Test F1: 0.88
[[344   1  21   0]
 [  2 153   2   0]
 [ 18  58 212   0]
 [  2   1  22 211]]
Test Acc: 0.85, 0.88, 0.94, Test F1: 0.85
[[144  31  23  13]
 [  0 187  14   7]
 [  0   6 264  21]
 [  2   0  42 298]]
Test Acc: 0.83, 0.96, 0.85, Test F1: 0.77
[[256   1   0   4]
 [  2 177   0   4]
 [132  11   0  14]
 [  5   4   0 440]]
Test Acc: 0.88, 0.93, 0.92, Test F1: 0.89
[[177  30   3   1]
 [  1 124   4   2]
 [ 18  37 179   4]
 [  0  24   0 453]]
Test Acc: 0.91, 0.95, 0.94, Test F1: 0.91
[[ 45   0  33   0]
 [  0 155   2   0]
 [  0   0 371   0]
 [ 24   3  31 393]]
Test Acc: 0.80, 0.89, 0.85, Test F1: 0.75
[[ 29   0  71  57]
 [ 23   0  10  19]
 [  0   0 334   9]
 [  0   0  17 485]]
Test Acc: 0.98, 0.99, 0.99, Test F1: 0.98
[[279   8   0   0]
 [  1 128   0   2]
 [  3   0 313   2]
 [  0   3   0 312]]
Test Acc: 0.67, 0.71, 0.81, Test F1: 0.63
[[146 151 151]
 [  0 338   0]
 [  1  45 217]]
Test Acc: 0.98, 0.99, 0.98, Test F1: 0.98
[[ 76   1   0   1]
 [  0 102   0   2]
 [  1   3 497   3]
 [  1   9   1 359]]
Test Acc: 0.97, 0.99, 0.98, Test F1: 0.97
[[206   0   0   2]
 [  0 103   1   0]
 [  0   0 369   0]
 [  4  13   8 345]]
Test Acc: 0.89, 0.91, 0.93, Test F1: 0.88
[[340   0   0   3]
 [ 27 233   0   2]
 [ 11   0   0  15]
 [ 53   2   0 368]]
Test Acc: 0.88, 0.92, 0.89, Test F1: 0.85
[[178   6   0   0]
 [  0 156   0   0]
 [ 40  30   0   8]
 [ 42   4   0 590]]
Test Acc: 0.92, 0.97, 0.95, Test F1: 0.92
[[313  20   8   1]
 [  0 235   3   0]
 [  0   1  77   0]
 [  1  43  10 341]]
Test Acc: 0.93, 0.96, 0.94, Test F1: 0.93
[[295   4  14   3]
 [  6  66   6   0]
 [  0   0 185   0]
 [ 24  16   2 432]]
Test Acc: 0.94, 0.97, 0.96, Test F1: 0.91
[[311   1   0   2]
 [  3 231   0   0]
 [ 31   3   0  18]
 [  5   2   0 443]]
Test Acc: 0.81, 0.83, 0.82, Test F1: 0.75
[[116   4  10   0]
 [  2 418   2   0]
 [  1   0 316   0]
 [167   8   9   0]]
Test Acc: 0.86, 0.91, 0.93, Test F1: 0.86
[[ 36  58   4   6]
 [  0 233   0   1]
 [  6  17 419   8]
 [  0  40   3 219]]
